tm,DVm,PVm
0.000000000000000000e+00,0.000000000000000000e+00,0.000000000000000000e+00
1.000000000000000000e+00,1.000000000000000000e+00,-4.049999999999975495e-03
2.000000000000000000e+00,1.000000000000000000e+00,-3.224999999999944491e-03
3.000000000000000000e+00,1.000000000000000000e+00,-1.624999999999943113e-03
4.000000000000000000e+00,1.000000000000000000e+00,0.000000000000000000e+00
5.000000000000000000e+00,1.000000000000000000e+00,0.000000000000000000e+00
6.000000000000000000e+00,1.000000000000000000e+00,-3.224999999999944491e-03
7.000000000000000000e+00,1.000000000000000000e+00,1.600000000000001378e-03
8.000000000000000000e+00,1.000000000000000000e+00,-2.424999999999855223e-03
9.000000000000000000e+00,1.000000000000000000e+00,8.000000000000894850e-04
1.000000000000000000e+01,1.000000000000000000e+00,3.200000000000002755e-03
1.100000000000000000e+01,1.000000000000000000e+00,-8.249999999998536282e-04
1.200000000000000000e+01,1.000000000000000000e+00,0.000000000000000000e+00
1.300000000000000000e+01,1.000000000000000000e+00,1.600000000000001378e-03
1.400000000000000000e+01,1.000000000000000000e+00,-2.424999999999855223e-03
1.500000000000000000e+01,1.000000000000000000e+00,3.200000000000002755e-03
1.600000000000000000e+01,1.000000000000000000e+00,4.825000000000123461e-03
1.700000000000000000e+01,1.000000000000000000e+00,0.000000000000000000e+00
1.800000000000000000e+01,1.000000000000000000e+00,7.250000000000156493e-03
1.900000000000000000e+01,1.000000000000000000e+00,2.400000000000090863e-03
2.000000000000000000e+01,1.000000000000000000e+00,5.625000000000035354e-03
2.100000000000000000e+01,1.000000000000000000e+00,6.425000000000125056e-03
2.200000000000000000e+01,1.000000000000000000e+00,6.425000000000125056e-03
2.300000000000000000e+01,1.000000000000000000e+00,9.650000000000069980e-03
2.400000000000000000e+01,1.000000000000000000e+00,1.287500000000001490e-02
2.500000000000000000e+01,1.000000000000000000e+00,8.850000000000158087e-03
2.600000000000000000e+01,1.000000000000000000e+00,8.850000000000158087e-03
2.700000000000000000e+01,1.000000000000000000e+00,1.207500000000010301e-02
2.800000000000000000e+01,1.000000000000000000e+00,1.207500000000010301e-02
2.900000000000000000e+01,1.000000000000000000e+00,9.650000000000069980e-03
3.000000000000000000e+01,1.000000000000000000e+00,1.127500000000001244e-02
3.100000000000000000e+01,1.000000000000000000e+00,1.610000000000013504e-02
3.200000000000000000e+01,1.000000000000000000e+00,1.367500000000010374e-02
3.300000000000000000e+01,1.000000000000000000e+00,1.207500000000010301e-02
3.400000000000000000e+01,1.000000000000000000e+00,1.690000000000004693e-02
3.500000000000000000e+01,1.000000000000000000e+00,1.690000000000004693e-02
3.600000000000000000e+01,1.000000000000000000e+00,1.530000000000004620e-02
3.700000000000000000e+01,1.000000000000000000e+00,2.335000000000011372e-02
3.800000000000000000e+01,1.000000000000000000e+00,1.690000000000004693e-02
3.900000000000000000e+01,1.000000000000000000e+00,1.932500000000008170e-02
4.000000000000000000e+01,1.000000000000000000e+00,2.255000000000002489e-02
4.100000000000000000e+01,1.000000000000000000e+00,2.012499999999999359e-02
4.200000000000000000e+01,1.000000000000000000e+00,2.577500000000014849e-02
4.300000000000000000e+01,1.000000000000000000e+00,3.060000000000009240e-02
4.400000000000000000e+01,1.000000000000000000e+00,2.577500000000014849e-02
4.500000000000000000e+01,1.000000000000000000e+00,2.577500000000014849e-02
4.600000000000000000e+01,1.000000000000000000e+00,2.817500000000006111e-02
4.700000000000000000e+01,1.000000000000000000e+00,3.060000000000009240e-02
4.800000000000000000e+01,1.000000000000000000e+00,2.817500000000006111e-02
4.900000000000000000e+01,1.000000000000000000e+00,3.222500000000003834e-02
5.000000000000000000e+01,1.000000000000000000e+00,3.545000000000016194e-02
5.100000000000000000e+01,1.000000000000000000e+00,3.625000000000007383e-02
5.200000000000000000e+01,1.000000000000000000e+00,3.302500000000012370e-02
5.300000000000000000e+01,1.000000000000000000e+00,4.107500000000001428e-02
5.400000000000000000e+01,1.000000000000000000e+00,4.187500000000010658e-02
5.500000000000000000e+01,1.000000000000000000e+00,4.270000000000014062e-02
5.600000000000000000e+01,1.000000000000000000e+00,4.107500000000001428e-02
5.700000000000000000e+01,1.000000000000000000e+00,4.832499999999999296e-02
5.800000000000000000e+01,1.000000000000000000e+00,4.350000000000005251e-02
5.900000000000000000e+01,1.000000000000000000e+00,4.270000000000014062e-02
6.000000000000000000e+01,1.000000000000000000e+00,4.995000000000011930e-02
6.100000000000000000e+01,1.000000000000000000e+00,4.995000000000011930e-02
6.200000000000000000e+01,1.000000000000000000e+00,5.235000000000002846e-02
6.300000000000000000e+01,1.000000000000000000e+00,5.317500000000006249e-02
6.400000000000000000e+01,1.000000000000000000e+00,5.397500000000014786e-02
6.500000000000000000e+01,1.000000000000000000e+00,4.912500000000008527e-02
6.600000000000000000e+01,1.000000000000000000e+00,5.155000000000011656e-02
6.700000000000000000e+01,1.000000000000000000e+00,5.477500000000005975e-02
6.800000000000000000e+01,1.000000000000000000e+00,6.202500000000003844e-02
6.900000000000000000e+01,1.000000000000000000e+00,5.960000000000000714e-02
7.000000000000000000e+01,1.000000000000000000e+00,6.282500000000013074e-02
7.100000000000000000e+01,1.000000000000000000e+00,5.960000000000000714e-02
7.200000000000000000e+01,1.000000000000000000e+00,6.362500000000004263e-02
7.300000000000000000e+01,1.000000000000000000e+00,6.362500000000004263e-02
7.400000000000000000e+01,1.000000000000000000e+00,7.007500000000010942e-02
7.500000000000000000e+01,1.000000000000000000e+00,6.847500000000010523e-02
7.600000000000000000e+01,1.000000000000000000e+00,6.927500000000001712e-02
7.700000000000000000e+01,1.000000000000000000e+00,7.090000000000014346e-02
7.800000000000000000e+01,1.000000000000000000e+00,7.250000000000014766e-02
7.900000000000000000e+01,1.000000000000000000e+00,7.410000000000013798e-02
8.000000000000000000e+01,1.000000000000000000e+00,8.055000000000003824e-02
8.100000000000000000e+01,1.000000000000000000e+00,7.652499999999999580e-02
8.200000000000000000e+01,1.000000000000000000e+00,8.457500000000006679e-02
8.300000000000000000e+01,1.000000000000000000e+00,7.975000000000012634e-02
8.400000000000000000e+01,1.000000000000000000e+00,8.217500000000015070e-02
8.500000000000000000e+01,1.000000000000000000e+00,8.217500000000015070e-02
8.600000000000000000e+01,1.000000000000000000e+00,8.942500000000012939e-02
8.700000000000000000e+01,1.000000000000000000e+00,8.860000000000009535e-02
8.800000000000000000e+01,1.000000000000000000e+00,9.022500000000004128e-02
8.900000000000000000e+01,1.000000000000000000e+00,8.860000000000009535e-02
9.000000000000000000e+01,1.000000000000000000e+00,9.182500000000004547e-02
9.100000000000000000e+01,1.000000000000000000e+00,9.667500000000010807e-02
9.200000000000000000e+01,1.000000000000000000e+00,9.747500000000001996e-02
9.300000000000000000e+01,1.000000000000000000e+00,9.907500000000002416e-02
9.400000000000000000e+01,1.000000000000000000e+00,9.747500000000001996e-02
9.500000000000000000e+01,1.000000000000000000e+00,9.990000000000005820e-02
9.600000000000000000e+01,1.000000000000000000e+00,9.990000000000005820e-02
9.700000000000000000e+01,1.000000000000000000e+00,1.047249999999999986e-01
9.800000000000000000e+01,1.000000000000000000e+00,1.071500000000000369e-01
9.900000000000000000e+01,1.000000000000000000e+00,1.071500000000000369e-01
1.000000000000000000e+02,1.000000000000000000e+00,1.063250000000000028e-01
1.010000000000000000e+02,1.000000000000000000e+00,1.039250000000000868e-01
1.020000000000000000e+02,1.000000000000000000e+00,1.071500000000000369e-01
1.030000000000000000e+02,1.000000000000000000e+00,1.103750000000001535e-01
1.040000000000000000e+02,1.000000000000000000e+00,1.095500000000001195e-01
1.050000000000000000e+02,1.000000000000000000e+00,1.087500000000000411e-01
1.060000000000000000e+02,1.000000000000000000e+00,1.119750000000001577e-01
1.070000000000000000e+02,1.000000000000000000e+00,1.119750000000001577e-01
1.080000000000000000e+02,1.000000000000000000e+00,1.160000000000000198e-01
1.090000000000000000e+02,1.000000000000000000e+00,1.168000000000000982e-01
1.100000000000000000e+02,1.000000000000000000e+00,1.176250000000001322e-01
1.110000000000000000e+02,1.000000000000000000e+00,1.136000000000001037e-01
1.120000000000000000e+02,1.000000000000000000e+00,1.136000000000001037e-01
1.130000000000000000e+02,1.000000000000000000e+00,1.152000000000001079e-01
1.140000000000000000e+02,1.000000000000000000e+00,1.176250000000001322e-01
1.150000000000000000e+02,1.000000000000000000e+00,1.184250000000000441e-01
1.160000000000000000e+02,1.000000000000000000e+00,1.176250000000001322e-01
1.170000000000000000e+02,1.000000000000000000e+00,1.144000000000000156e-01
1.180000000000000000e+02,1.000000000000000000e+00,1.176250000000001322e-01
1.190000000000000000e+02,1.000000000000000000e+00,1.176250000000001322e-01
1.200000000000000000e+02,1.000000000000000000e+00,1.232499999999999984e-01
1.210000000000000000e+02,1.000000000000000000e+00,1.232499999999999984e-01
1.220000000000000000e+02,1.000000000000000000e+00,1.248750000000001109e-01
1.230000000000000000e+02,1.000000000000000000e+00,1.216500000000001747e-01
1.240000000000000000e+02,1.000000000000000000e+00,1.216500000000001747e-01
1.250000000000000000e+02,1.000000000000000000e+00,1.216500000000001747e-01
1.260000000000000000e+02,1.000000000000000000e+00,1.256750000000000367e-01
1.270000000000000000e+02,1.000000000000000000e+00,1.248750000000001109e-01
1.280000000000000000e+02,1.000000000000000000e+00,1.240500000000000769e-01
1.290000000000000000e+02,1.000000000000000000e+00,1.224500000000000866e-01
1.300000000000000000e+02,1.000000000000000000e+00,1.208500000000000824e-01
1.310000000000000000e+02,1.000000000000000000e+00,1.232499999999999984e-01
1.320000000000000000e+02,1.000000000000000000e+00,1.248750000000001109e-01
1.330000000000000000e+02,1.000000000000000000e+00,1.289000000000001533e-01
1.340000000000000000e+02,1.000000000000000000e+00,1.297000000000000652e-01
1.350000000000000000e+02,1.000000000000000000e+00,1.289000000000001533e-01
1.360000000000000000e+02,1.000000000000000000e+00,1.264750000000001151e-01
1.370000000000000000e+02,1.000000000000000000e+00,1.264750000000001151e-01
1.380000000000000000e+02,1.000000000000000000e+00,1.289000000000001533e-01
1.390000000000000000e+02,1.000000000000000000e+00,1.345250000000000057e-01
1.400000000000000000e+02,1.000000000000000000e+00,1.289000000000001533e-01
1.410000000000000000e+02,1.000000000000000000e+00,1.289000000000001533e-01
1.420000000000000000e+02,1.000000000000000000e+00,1.297000000000000652e-01
1.430000000000000000e+02,1.000000000000000000e+00,1.337250000000000938e-01
1.440000000000000000e+02,1.000000000000000000e+00,1.337250000000000938e-01
1.450000000000000000e+02,1.000000000000000000e+00,1.289000000000001533e-01
1.460000000000000000e+02,1.000000000000000000e+00,1.305000000000001437e-01
1.470000000000000000e+02,1.000000000000000000e+00,1.305000000000001437e-01
1.480000000000000000e+02,1.000000000000000000e+00,1.337250000000000938e-01
1.490000000000000000e+02,1.000000000000000000e+00,1.369500000000000439e-01
1.500000000000000000e+02,1.000000000000000000e+00,1.313000000000000556e-01
1.510000000000000000e+02,1.000000000000000000e+00,1.313000000000000556e-01
1.520000000000000000e+02,1.000000000000000000e+00,1.329250000000000154e-01
1.530000000000000000e+02,1.000000000000000000e+00,1.385750000000001703e-01
1.540000000000000000e+02,1.000000000000000000e+00,1.369500000000000439e-01
1.550000000000000000e+02,1.000000000000000000e+00,1.369500000000000439e-01
1.560000000000000000e+02,1.000000000000000000e+00,1.385750000000001703e-01
1.570000000000000000e+02,1.000000000000000000e+00,1.426000000000000045e-01
1.580000000000000000e+02,1.000000000000000000e+00,1.417750000000001509e-01
1.590000000000000000e+02,1.000000000000000000e+00,1.385750000000001703e-01
1.600000000000000000e+02,1.000000000000000000e+00,1.385750000000001703e-01
1.610000000000000000e+02,1.000000000000000000e+00,1.426000000000000045e-01
1.620000000000000000e+02,1.000000000000000000e+00,1.417750000000001509e-01
1.630000000000000000e+02,1.000000000000000000e+00,1.417750000000001509e-01
1.640000000000000000e+02,1.000000000000000000e+00,1.369500000000000439e-01
1.650000000000000000e+02,1.000000000000000000e+00,1.434000000000001107e-01
1.660000000000000000e+02,1.000000000000000000e+00,1.434000000000001107e-01
1.670000000000000000e+02,1.000000000000000000e+00,1.514500000000000013e-01
1.680000000000000000e+02,1.000000000000000000e+00,1.466250000000000608e-01
1.690000000000000000e+02,1.000000000000000000e+00,1.458250000000001489e-01
1.700000000000000000e+02,1.000000000000000000e+00,1.458250000000001489e-01
1.710000000000000000e+02,1.000000000000000000e+00,1.498499999999999832e-01
1.720000000000000000e+02,1.000000000000000000e+00,1.490250000000001296e-01
1.730000000000000000e+02,1.000000000000000000e+00,1.458250000000001489e-01
1.740000000000000000e+02,1.000000000000000000e+00,1.466250000000000608e-01
1.750000000000000000e+02,1.000000000000000000e+00,1.458250000000001489e-01
1.760000000000000000e+02,1.000000000000000000e+00,1.498499999999999832e-01
1.770000000000000000e+02,1.000000000000000000e+00,1.514500000000000013e-01
1.780000000000000000e+02,1.000000000000000000e+00,1.506500000000000894e-01
1.790000000000000000e+02,1.000000000000000000e+00,1.506500000000000894e-01
1.800000000000000000e+02,1.000000000000000000e+00,1.546750000000001180e-01
1.810000000000000000e+02,1.000000000000000000e+00,1.571000000000001562e-01
1.820000000000000000e+02,1.000000000000000000e+00,1.563000000000000500e-01
1.830000000000000000e+02,1.000000000000000000e+00,1.603250000000001063e-01
1.840000000000000000e+02,1.000000000000000000e+00,1.579000000000000681e-01
1.850000000000000000e+02,1.000000000000000000e+00,1.635500000000000287e-01
1.860000000000000000e+02,1.000000000000000000e+00,1.643500000000001349e-01
1.870000000000000000e+02,1.000000000000000000e+00,1.675750000000000850e-01
1.880000000000000000e+02,1.000000000000000000e+00,1.619250000000000966e-01
1.890000000000000000e+02,1.000000000000000000e+00,1.611250000000000182e-01
1.900000000000000000e+02,1.000000000000000000e+00,1.627250000000000085e-01
1.910000000000000000e+02,1.000000000000000000e+00,1.675750000000000850e-01
1.920000000000000000e+02,1.000000000000000000e+00,1.651500000000000468e-01
1.930000000000000000e+02,1.000000000000000000e+00,1.627250000000000085e-01
1.940000000000000000e+02,1.000000000000000000e+00,1.675750000000000850e-01
1.950000000000000000e+02,1.000000000000000000e+00,1.732000000000001039e-01
1.960000000000000000e+02,1.000000000000000000e+00,1.691750000000000753e-01
1.970000000000000000e+02,1.000000000000000000e+00,1.699750000000001537e-01
1.980000000000000000e+02,1.000000000000000000e+00,1.683750000000001634e-01
1.990000000000000000e+02,1.000000000000000000e+00,1.724000000000000254e-01
2.000000000000000000e+02,1.000000000000000000e+00,1.740250000000001518e-01
2.010000000000000000e+02,1.000000000000000000e+00,1.708000000000000074e-01
2.020000000000000000e+02,1.000000000000000000e+00,1.716000000000001136e-01
2.030000000000000000e+02,1.000000000000000000e+00,1.748250000000000637e-01
2.040000000000000000e+02,1.000000000000000000e+00,1.796500000000000041e-01
2.050000000000000000e+02,1.000000000000000000e+00,1.812750000000001305e-01
2.060000000000000000e+02,1.000000000000000000e+00,1.804500000000000826e-01
2.070000000000000000e+02,1.000000000000000000e+00,1.772250000000001324e-01
2.080000000000000000e+02,1.000000000000000000e+00,1.804500000000000826e-01
2.090000000000000000e+02,1.000000000000000000e+00,1.853000000000001590e-01
2.100000000000000000e+02,1.000000000000000000e+00,1.885250000000001092e-01
2.110000000000000000e+02,1.000000000000000000e+00,1.877000000000000612e-01
2.120000000000000000e+02,1.000000000000000000e+00,1.844750000000001111e-01
2.130000000000000000e+02,1.000000000000000000e+00,1.893250000000000210e-01
2.140000000000000000e+02,1.000000000000000000e+00,1.877000000000000612e-01
2.150000000000000000e+02,1.000000000000000000e+00,1.933500000000000496e-01
2.160000000000000000e+02,1.000000000000000000e+00,1.885250000000001092e-01
2.170000000000000000e+02,1.000000000000000000e+00,1.885250000000001092e-01
2.180000000000000000e+02,1.000000000000000000e+00,1.909250000000000114e-01
2.190000000000000000e+02,1.000000000000000000e+00,1.965750000000001663e-01
2.200000000000000000e+02,1.000000000000000000e+00,1.973750000000000782e-01
2.210000000000000000e+02,1.000000000000000000e+00,1.917250000000000898e-01
2.220000000000000000e+02,1.000000000000000000e+00,1.957750000000000878e-01
2.230000000000000000e+02,1.000000000000000000e+00,1.998000000000001164e-01
2.240000000000000000e+02,1.000000000000000000e+00,1.949500000000000399e-01
2.250000000000000000e+02,1.000000000000000000e+00,1.957750000000000878e-01
2.260000000000000000e+02,1.000000000000000000e+00,1.949500000000000399e-01
2.270000000000000000e+02,1.000000000000000000e+00,1.990000000000000102e-01
2.280000000000000000e+02,1.000000000000000000e+00,2.030250000000000665e-01
2.290000000000000000e+02,1.000000000000000000e+00,2.022000000000000186e-01
2.300000000000000000e+02,1.000000000000000000e+00,2.022000000000000186e-01
2.310000000000000000e+02,1.000000000000000000e+00,2.014000000000001067e-01
2.320000000000000000e+02,1.000000000000000000e+00,2.022000000000000186e-01
2.330000000000000000e+02,1.000000000000000000e+00,2.046250000000000568e-01
2.340000000000000000e+02,1.000000000000000000e+00,2.014000000000001067e-01
2.350000000000000000e+02,1.000000000000000000e+00,2.022000000000000186e-01
2.360000000000000000e+02,1.000000000000000000e+00,2.022000000000000186e-01
2.370000000000000000e+02,1.000000000000000000e+00,2.086500000000000854e-01
2.380000000000000000e+02,1.000000000000000000e+00,2.038250000000001450e-01
2.390000000000000000e+02,1.000000000000000000e+00,2.014000000000001067e-01
2.400000000000000000e+02,1.000000000000000000e+00,2.022000000000000186e-01
2.410000000000000000e+02,1.000000000000000000e+00,2.038250000000001450e-01
2.420000000000000000e+02,1.000000000000000000e+00,2.086500000000000854e-01
2.430000000000000000e+02,1.000000000000000000e+00,2.022000000000000186e-01
2.440000000000000000e+02,1.000000000000000000e+00,2.022000000000000186e-01
2.450000000000000000e+02,1.000000000000000000e+00,2.038250000000001450e-01
2.460000000000000000e+02,1.000000000000000000e+00,2.078500000000000070e-01
2.470000000000000000e+02,1.000000000000000000e+00,2.054250000000001353e-01
2.480000000000000000e+02,1.000000000000000000e+00,2.062499999999999889e-01
2.490000000000000000e+02,1.000000000000000000e+00,2.070500000000000951e-01
2.500000000000000000e+02,1.000000000000000000e+00,2.102750000000000452e-01
2.510000000000000000e+02,1.000000000000000000e+00,2.143000000000000738e-01
2.520000000000000000e+02,1.000000000000000000e+00,2.151000000000001522e-01
2.530000000000000000e+02,1.000000000000000000e+00,2.094499999999999973e-01
2.540000000000000000e+02,1.000000000000000000e+00,2.143000000000000738e-01
2.550000000000000000e+02,1.000000000000000000e+00,2.118750000000000355e-01
2.560000000000000000e+02,1.000000000000000000e+00,2.135000000000001619e-01
2.570000000000000000e+02,1.000000000000000000e+00,2.102750000000000452e-01
2.580000000000000000e+02,1.000000000000000000e+00,2.126750000000001140e-01
2.590000000000000000e+02,1.000000000000000000e+00,2.167250000000001120e-01
2.600000000000000000e+02,1.000000000000000000e+00,2.159000000000000641e-01
2.610000000000000000e+02,1.000000000000000000e+00,2.151000000000001522e-01
2.620000000000000000e+02,1.000000000000000000e+00,2.167250000000001120e-01
2.630000000000000000e+02,1.000000000000000000e+00,2.183250000000001023e-01
2.640000000000000000e+02,1.000000000000000000e+00,2.223500000000001309e-01
2.650000000000000000e+02,1.000000000000000000e+00,2.183250000000001023e-01
2.660000000000000000e+02,1.000000000000000000e+00,2.183250000000001023e-01
2.670000000000000000e+02,1.000000000000000000e+00,2.183250000000001023e-01
2.680000000000000000e+02,1.000000000000000000e+00,2.199250000000000926e-01
2.690000000000000000e+02,1.000000000000000000e+00,2.223500000000001309e-01
2.700000000000000000e+02,1.000000000000000000e+00,2.191250000000000142e-01
2.710000000000000000e+02,1.000000000000000000e+00,2.191250000000000142e-01
2.720000000000000000e+02,1.000000000000000000e+00,2.223500000000001309e-01
2.730000000000000000e+02,1.000000000000000000e+00,2.223500000000001309e-01
2.740000000000000000e+02,1.000000000000000000e+00,2.215500000000000524e-01
2.750000000000000000e+02,1.000000000000000000e+00,2.159000000000000641e-01
2.760000000000000000e+02,1.000000000000000000e+00,2.199250000000000926e-01
2.770000000000000000e+02,1.000000000000000000e+00,2.191250000000000142e-01
2.780000000000000000e+02,1.000000000000000000e+00,2.223500000000001309e-01
2.790000000000000000e+02,1.000000000000000000e+00,2.175250000000000239e-01
2.800000000000000000e+02,1.000000000000000000e+00,2.183250000000001023e-01
2.810000000000000000e+02,1.000000000000000000e+00,2.191250000000000142e-01
2.820000000000000000e+02,1.000000000000000000e+00,2.247750000000001691e-01
2.830000000000000000e+02,1.000000000000000000e+00,2.215500000000000524e-01
2.840000000000000000e+02,1.000000000000000000e+00,2.223500000000001309e-01
2.850000000000000000e+02,1.000000000000000000e+00,2.199250000000000926e-01
2.860000000000000000e+02,1.000000000000000000e+00,2.239750000000000907e-01
2.870000000000000000e+02,1.000000000000000000e+00,2.296000000000001096e-01
2.880000000000000000e+02,1.000000000000000000e+00,2.304000000000000214e-01
2.890000000000000000e+02,1.000000000000000000e+00,2.280000000000001192e-01
2.900000000000000000e+02,1.000000000000000000e+00,2.247750000000001691e-01
2.910000000000000000e+02,1.000000000000000000e+00,2.280000000000001192e-01
2.920000000000000000e+02,1.000000000000000000e+00,2.312250000000000694e-01
2.930000000000000000e+02,1.000000000000000000e+00,2.304000000000000214e-01
2.940000000000000000e+02,1.000000000000000000e+00,2.296000000000001096e-01
2.950000000000000000e+02,1.000000000000000000e+00,2.271750000000000713e-01
2.960000000000000000e+02,1.000000000000000000e+00,2.288000000000000311e-01
2.970000000000000000e+02,1.000000000000000000e+00,2.344250000000000500e-01
2.980000000000000000e+02,1.000000000000000000e+00,2.384750000000000481e-01
2.990000000000000000e+02,1.000000000000000000e+00,2.376500000000000001e-01
3.000000000000000000e+02,1.000000000000000000e+00,2.344250000000000500e-01
3.010000000000000000e+02,1.000000000000000000e+00,2.328250000000000597e-01
3.020000000000000000e+02,1.000000000000000000e+00,2.400750000000000384e-01
3.030000000000000000e+02,1.000000000000000000e+00,2.368500000000000882e-01
3.040000000000000000e+02,1.000000000000000000e+00,2.376500000000000001e-01
3.050000000000000000e+02,1.000000000000000000e+00,2.344250000000000500e-01
3.060000000000000000e+02,1.000000000000000000e+00,2.368500000000000882e-01
3.070000000000000000e+02,1.000000000000000000e+00,2.384750000000000481e-01
3.080000000000000000e+02,1.000000000000000000e+00,2.368500000000000882e-01
3.090000000000000000e+02,1.000000000000000000e+00,2.344250000000000500e-01
3.100000000000000000e+02,1.000000000000000000e+00,2.368500000000000882e-01
3.110000000000000000e+02,1.000000000000000000e+00,2.360500000000000098e-01
3.120000000000000000e+02,1.000000000000000000e+00,2.400750000000000384e-01
3.130000000000000000e+02,1.000000000000000000e+00,2.352500000000000979e-01
3.140000000000000000e+02,1.000000000000000000e+00,2.344250000000000500e-01
3.150000000000000000e+02,1.000000000000000000e+00,2.352500000000000979e-01
3.160000000000000000e+02,1.000000000000000000e+00,2.392750000000001265e-01
3.170000000000000000e+02,1.000000000000000000e+00,2.400750000000000384e-01
3.180000000000000000e+02,1.000000000000000000e+00,2.376500000000000001e-01
3.190000000000000000e+02,1.000000000000000000e+00,2.400750000000000384e-01
3.200000000000000000e+02,1.000000000000000000e+00,2.425000000000000766e-01
3.210000000000000000e+02,1.000000000000000000e+00,2.441000000000000669e-01
3.220000000000000000e+02,1.000000000000000000e+00,2.417000000000001647e-01
3.230000000000000000e+02,1.000000000000000000e+00,2.417000000000001647e-01
3.240000000000000000e+02,1.000000000000000000e+00,2.489500000000001434e-01
3.250000000000000000e+02,1.000000000000000000e+00,2.441000000000000669e-01
3.260000000000000000e+02,1.000000000000000000e+00,2.481250000000000955e-01
3.270000000000000000e+02,1.000000000000000000e+00,2.449000000000001731e-01
3.280000000000000000e+02,1.000000000000000000e+00,2.473250000000000171e-01
3.290000000000000000e+02,1.000000000000000000e+00,2.505500000000001615e-01
3.300000000000000000e+02,1.000000000000000000e+00,2.553750000000000742e-01
3.310000000000000000e+02,1.000000000000000000e+00,2.521500000000001518e-01
3.320000000000000000e+02,1.000000000000000000e+00,2.497500000000000553e-01
3.330000000000000000e+02,1.000000000000000000e+00,2.513500000000000734e-01
3.340000000000000000e+02,1.000000000000000000e+00,2.545749999999999957e-01
3.350000000000000000e+02,1.000000000000000000e+00,2.545749999999999957e-01
3.360000000000000000e+02,1.000000000000000000e+00,2.505500000000001615e-01
3.370000000000000000e+02,1.000000000000000000e+00,2.497500000000000553e-01
3.380000000000000000e+02,1.000000000000000000e+00,2.553750000000000742e-01
3.390000000000000000e+02,1.000000000000000000e+00,2.529750000000000054e-01
3.400000000000000000e+02,1.000000000000000000e+00,2.521500000000001518e-01
3.410000000000000000e+02,1.000000000000000000e+00,2.497500000000000553e-01
3.420000000000000000e+02,1.000000000000000000e+00,2.529750000000000054e-01
3.430000000000000000e+02,1.000000000000000000e+00,2.537750000000000838e-01
3.440000000000000000e+02,1.000000000000000000e+00,2.570000000000000062e-01
3.450000000000000000e+02,1.000000000000000000e+00,2.521500000000001518e-01
3.460000000000000000e+02,1.000000000000000000e+00,2.489500000000001434e-01
3.470000000000000000e+02,1.000000000000000000e+00,2.529750000000000054e-01
3.480000000000000000e+02,1.000000000000000000e+00,2.553750000000000742e-01
3.490000000000000000e+02,1.000000000000000000e+00,2.545749999999999957e-01
3.500000000000000000e+02,1.000000000000000000e+00,2.521500000000001518e-01
3.510000000000000000e+02,1.000000000000000000e+00,2.505500000000001615e-01
3.520000000000000000e+02,1.000000000000000000e+00,2.521500000000001518e-01
3.530000000000000000e+02,1.000000000000000000e+00,2.537750000000000838e-01
3.540000000000000000e+02,1.000000000000000000e+00,2.562000000000000943e-01
3.550000000000000000e+02,1.000000000000000000e+00,2.497500000000000553e-01
3.560000000000000000e+02,1.000000000000000000e+00,2.505500000000001615e-01
3.570000000000000000e+02,1.000000000000000000e+00,2.497500000000000553e-01
3.580000000000000000e+02,1.000000000000000000e+00,2.562000000000000943e-01
3.590000000000000000e+02,1.000000000000000000e+00,2.529750000000000054e-01
3.600000000000000000e+02,1.000000000000000000e+00,2.570000000000000062e-01
3.610000000000000000e+02,1.000000000000000000e+00,2.489500000000001434e-01
3.620000000000000000e+02,1.000000000000000000e+00,2.505500000000001615e-01
3.630000000000000000e+02,1.000000000000000000e+00,2.513500000000000734e-01
3.640000000000000000e+02,1.000000000000000000e+00,2.594250000000000722e-01
3.650000000000000000e+02,1.000000000000000000e+00,2.545749999999999957e-01
3.660000000000000000e+02,1.000000000000000000e+00,2.553750000000000742e-01
3.670000000000000000e+02,1.000000000000000000e+00,2.521500000000001518e-01
3.680000000000000000e+02,1.000000000000000000e+00,2.553750000000000742e-01
3.690000000000000000e+02,1.000000000000000000e+00,2.594250000000000722e-01
3.700000000000000000e+02,1.000000000000000000e+00,2.626250000000000528e-01
3.710000000000000000e+02,1.000000000000000000e+00,2.586000000000000520e-01
3.720000000000000000e+02,1.000000000000000000e+00,2.610250000000000625e-01
3.730000000000000000e+02,1.000000000000000000e+00,2.570000000000000062e-01
3.740000000000000000e+02,1.000000000000000000e+00,2.594250000000000722e-01
3.750000000000000000e+02,1.000000000000000000e+00,2.594250000000000722e-01
3.760000000000000000e+02,1.000000000000000000e+00,2.642499999999999849e-01
3.770000000000000000e+02,1.000000000000000000e+00,2.610250000000000625e-01
3.780000000000000000e+02,1.000000000000000000e+00,2.602250000000001506e-01
3.790000000000000000e+02,1.000000000000000000e+00,2.578000000000001402e-01
3.800000000000000000e+02,1.000000000000000000e+00,2.602250000000001506e-01
3.810000000000000000e+02,1.000000000000000000e+00,2.610250000000000625e-01
3.820000000000000000e+02,1.000000000000000000e+00,2.578000000000001402e-01
3.830000000000000000e+02,1.000000000000000000e+00,2.586000000000000520e-01
3.840000000000000000e+02,1.000000000000000000e+00,2.529750000000000054e-01
3.850000000000000000e+02,1.000000000000000000e+00,2.578000000000001402e-01
3.860000000000000000e+02,1.000000000000000000e+00,2.521500000000001518e-01
3.870000000000000000e+02,1.000000000000000000e+00,2.545749999999999957e-01
3.880000000000000000e+02,1.000000000000000000e+00,2.497500000000000553e-01
3.890000000000000000e+02,1.000000000000000000e+00,2.521500000000001518e-01
3.900000000000000000e+02,1.000000000000000000e+00,2.529750000000000054e-01
3.910000000000000000e+02,1.000000000000000000e+00,2.562000000000000943e-01
3.920000000000000000e+02,1.000000000000000000e+00,2.537750000000000838e-01
3.930000000000000000e+02,1.000000000000000000e+00,2.513500000000000734e-01
3.940000000000000000e+02,1.000000000000000000e+00,2.545749999999999957e-01
3.950000000000000000e+02,1.000000000000000000e+00,2.594250000000000722e-01
3.960000000000000000e+02,1.000000000000000000e+00,2.626250000000000528e-01
3.970000000000000000e+02,1.000000000000000000e+00,2.602250000000001506e-01
3.980000000000000000e+02,1.000000000000000000e+00,2.602250000000001506e-01
3.990000000000000000e+02,1.000000000000000000e+00,2.570000000000000062e-01
4.000000000000000000e+02,1.000000000000000000e+00,2.594250000000000722e-01
4.010000000000000000e+02,1.000000000000000000e+00,2.610250000000000625e-01
4.020000000000000000e+02,1.000000000000000000e+00,2.618250000000001410e-01
4.030000000000000000e+02,1.000000000000000000e+00,2.586000000000000520e-01
4.040000000000000000e+02,1.000000000000000000e+00,2.586000000000000520e-01
4.050000000000000000e+02,1.000000000000000000e+00,2.570000000000000062e-01
4.060000000000000000e+02,1.000000000000000000e+00,2.602250000000001506e-01
4.070000000000000000e+02,1.000000000000000000e+00,2.634500000000000730e-01
4.080000000000000000e+02,1.000000000000000000e+00,2.626250000000000528e-01
4.090000000000000000e+02,1.000000000000000000e+00,2.610250000000000625e-01
4.100000000000000000e+02,1.000000000000000000e+00,2.594250000000000722e-01
4.110000000000000000e+02,1.000000000000000000e+00,2.578000000000001402e-01
4.120000000000000000e+02,1.000000000000000000e+00,2.626250000000000528e-01
4.130000000000000000e+02,1.000000000000000000e+00,2.650500000000001188e-01
4.140000000000000000e+02,1.000000000000000000e+00,2.602250000000001506e-01
4.150000000000000000e+02,1.000000000000000000e+00,2.578000000000001402e-01
4.160000000000000000e+02,1.000000000000000000e+00,2.594250000000000722e-01
4.170000000000000000e+02,1.000000000000000000e+00,2.642499999999999849e-01
4.180000000000000000e+02,1.000000000000000000e+00,2.618250000000001410e-01
4.190000000000000000e+02,1.000000000000000000e+00,2.634500000000000730e-01
4.200000000000000000e+02,1.000000000000000000e+00,2.570000000000000062e-01
4.210000000000000000e+02,1.000000000000000000e+00,2.626250000000000528e-01
4.220000000000000000e+02,1.000000000000000000e+00,2.618250000000001410e-01
4.230000000000000000e+02,1.000000000000000000e+00,2.626250000000000528e-01
4.240000000000000000e+02,1.000000000000000000e+00,2.602250000000001506e-01
4.250000000000000000e+02,1.000000000000000000e+00,2.578000000000001402e-01
4.260000000000000000e+02,1.000000000000000000e+00,2.658500000000000307e-01
4.270000000000000000e+02,1.000000000000000000e+00,2.698750000000000315e-01
4.280000000000000000e+02,1.000000000000000000e+00,2.690750000000001196e-01
4.290000000000000000e+02,1.000000000000000000e+00,2.715000000000001856e-01
4.300000000000000000e+02,1.000000000000000000e+00,2.666750000000000509e-01
4.310000000000000000e+02,1.000000000000000000e+00,2.658500000000000307e-01
4.320000000000000000e+02,1.000000000000000000e+00,2.690750000000001196e-01
4.330000000000000000e+02,1.000000000000000000e+00,2.731000000000001759e-01
4.340000000000000000e+02,1.000000000000000000e+00,2.698750000000000315e-01
4.350000000000000000e+02,1.000000000000000000e+00,2.707000000000000517e-01
4.360000000000000000e+02,1.000000000000000000e+00,2.658500000000000307e-01
4.370000000000000000e+02,1.000000000000000000e+00,2.674750000000001293e-01
4.380000000000000000e+02,1.000000000000000000e+00,2.666750000000000509e-01
4.390000000000000000e+02,1.000000000000000000e+00,2.739250000000000296e-01
4.400000000000000000e+02,1.000000000000000000e+00,2.690750000000001196e-01
4.410000000000000000e+02,1.000000000000000000e+00,2.715000000000001856e-01
4.420000000000000000e+02,1.000000000000000000e+00,2.650500000000001188e-01
4.430000000000000000e+02,1.000000000000000000e+00,2.690750000000001196e-01
4.440000000000000000e+02,1.000000000000000000e+00,2.690750000000001196e-01
4.450000000000000000e+02,1.000000000000000000e+00,2.731000000000001759e-01
4.460000000000000000e+02,1.000000000000000000e+00,2.674750000000001293e-01
4.470000000000000000e+02,1.000000000000000000e+00,2.674750000000001293e-01
4.480000000000000000e+02,1.000000000000000000e+00,2.650500000000001188e-01
4.490000000000000000e+02,1.000000000000000000e+00,2.698750000000000315e-01
4.500000000000000000e+02,1.000000000000000000e+00,2.674750000000001293e-01
4.510000000000000000e+02,1.000000000000000000e+00,2.723000000000000975e-01
4.520000000000000000e+02,1.000000000000000000e+00,2.682750000000000412e-01
4.530000000000000000e+02,1.000000000000000000e+00,2.682750000000000412e-01
4.540000000000000000e+02,1.000000000000000000e+00,2.650500000000001188e-01
4.550000000000000000e+02,1.000000000000000000e+00,2.715000000000001856e-01
4.560000000000000000e+02,1.000000000000000000e+00,2.715000000000001856e-01
4.570000000000000000e+02,1.000000000000000000e+00,2.690750000000001196e-01
4.580000000000000000e+02,1.000000000000000000e+00,2.674750000000001293e-01
4.590000000000000000e+02,1.000000000000000000e+00,2.723000000000000975e-01
4.600000000000000000e+02,1.000000000000000000e+00,2.763250000000000983e-01
4.610000000000000000e+02,1.000000000000000000e+00,2.763250000000000983e-01
4.620000000000000000e+02,1.000000000000000000e+00,2.779500000000000304e-01
4.630000000000000000e+02,1.000000000000000000e+00,2.739250000000000296e-01
4.640000000000000000e+02,1.000000000000000000e+00,2.755250000000000199e-01
4.650000000000000000e+02,1.000000000000000000e+00,2.763250000000000983e-01
4.660000000000000000e+02,1.000000000000000000e+00,2.787500000000001643e-01
4.670000000000000000e+02,1.000000000000000000e+00,2.803500000000001546e-01
4.680000000000000000e+02,1.000000000000000000e+00,2.739250000000000296e-01
4.690000000000000000e+02,1.000000000000000000e+00,2.747250000000001080e-01
4.700000000000000000e+02,1.000000000000000000e+00,2.755250000000000199e-01
4.710000000000000000e+02,1.000000000000000000e+00,2.811750000000000083e-01
4.720000000000000000e+02,1.000000000000000000e+00,2.819750000000000867e-01
4.730000000000000000e+02,1.000000000000000000e+00,2.827749999999999986e-01
4.740000000000000000e+02,1.000000000000000000e+00,2.819750000000000867e-01
4.750000000000000000e+02,1.000000000000000000e+00,2.811750000000000083e-01
4.760000000000000000e+02,1.000000000000000000e+00,2.835750000000000770e-01
4.770000000000000000e+02,1.000000000000000000e+00,2.876000000000001333e-01
4.780000000000000000e+02,1.000000000000000000e+00,2.852000000000000091e-01
4.790000000000000000e+02,1.000000000000000000e+00,2.852000000000000091e-01
4.800000000000000000e+02,1.000000000000000000e+00,2.827749999999999986e-01
4.810000000000000000e+02,1.000000000000000000e+00,2.844000000000000972e-01
4.820000000000000000e+02,1.000000000000000000e+00,2.844000000000000972e-01
4.830000000000000000e+02,1.000000000000000000e+00,2.900250000000001438e-01
4.840000000000000000e+02,1.000000000000000000e+00,2.835750000000000770e-01
4.850000000000000000e+02,1.000000000000000000e+00,2.835750000000000770e-01
4.860000000000000000e+02,1.000000000000000000e+00,2.819750000000000867e-01
4.870000000000000000e+02,1.000000000000000000e+00,2.900250000000001438e-01
4.880000000000000000e+02,1.000000000000000000e+00,2.868000000000000549e-01
4.890000000000000000e+02,1.000000000000000000e+00,2.892250000000000654e-01
4.900000000000000000e+02,1.000000000000000000e+00,2.868000000000000549e-01
4.910000000000000000e+02,1.000000000000000000e+00,2.908250000000000557e-01
4.920000000000000000e+02,1.000000000000000000e+00,2.900250000000001438e-01
4.930000000000000000e+02,1.000000000000000000e+00,2.916500000000000759e-01
4.940000000000000000e+02,1.000000000000000000e+00,2.868000000000000549e-01
4.950000000000000000e+02,1.000000000000000000e+00,2.827749999999999986e-01
4.960000000000000000e+02,1.000000000000000000e+00,2.819750000000000867e-01
4.970000000000000000e+02,1.000000000000000000e+00,2.868000000000000549e-01
4.980000000000000000e+02,1.000000000000000000e+00,2.860000000000001430e-01
4.990000000000000000e+02,1.000000000000000000e+00,2.876000000000001333e-01
5.000000000000000000e+02,1.000000000000000000e+00,2.827749999999999986e-01
5.010000000000000000e+02,1.000000000000000000e+00,2.819750000000000867e-01
5.020000000000000000e+02,1.000000000000000000e+00,2.819750000000000867e-01
5.030000000000000000e+02,1.000000000000000000e+00,2.868000000000000549e-01
5.040000000000000000e+02,1.000000000000000000e+00,2.852000000000000091e-01
5.050000000000000000e+02,1.000000000000000000e+00,2.884250000000001535e-01
5.060000000000000000e+02,1.000000000000000000e+00,2.835750000000000770e-01
5.070000000000000000e+02,1.000000000000000000e+00,2.852000000000000091e-01
5.080000000000000000e+02,1.000000000000000000e+00,2.811750000000000083e-01
5.090000000000000000e+02,1.000000000000000000e+00,2.835750000000000770e-01
5.100000000000000000e+02,1.000000000000000000e+00,2.876000000000001333e-01
5.110000000000000000e+02,1.000000000000000000e+00,2.916500000000000759e-01
5.120000000000000000e+02,1.000000000000000000e+00,2.940500000000000336e-01
5.130000000000000000e+02,1.000000000000000000e+00,2.916500000000000759e-01
5.140000000000000000e+02,1.000000000000000000e+00,2.908250000000000557e-01
5.150000000000000000e+02,1.000000000000000000e+00,2.876000000000001333e-01
5.160000000000000000e+02,1.000000000000000000e+00,2.827749999999999986e-01
5.170000000000000000e+02,1.000000000000000000e+00,2.876000000000001333e-01
5.180000000000000000e+02,1.000000000000000000e+00,2.835750000000000770e-01
5.190000000000000000e+02,1.000000000000000000e+00,2.884250000000001535e-01
5.200000000000000000e+02,1.000000000000000000e+00,2.884250000000001535e-01
5.210000000000000000e+02,1.000000000000000000e+00,2.884250000000001535e-01
5.220000000000000000e+02,1.000000000000000000e+00,2.852000000000000091e-01
5.230000000000000000e+02,1.000000000000000000e+00,2.844000000000000972e-01
5.240000000000000000e+02,1.000000000000000000e+00,2.852000000000000091e-01
5.250000000000000000e+02,1.000000000000000000e+00,2.884250000000001535e-01
5.260000000000000000e+02,1.000000000000000000e+00,2.900250000000001438e-01
5.270000000000000000e+02,1.000000000000000000e+00,2.924499999999999877e-01
5.280000000000000000e+02,1.000000000000000000e+00,2.916500000000000759e-01
5.290000000000000000e+02,1.000000000000000000e+00,2.900250000000001438e-01
5.300000000000000000e+02,1.000000000000000000e+00,2.940500000000000336e-01
5.310000000000000000e+02,1.000000000000000000e+00,2.964750000000000441e-01
5.320000000000000000e+02,1.000000000000000000e+00,2.948500000000001120e-01
5.330000000000000000e+02,1.000000000000000000e+00,2.900250000000001438e-01
5.340000000000000000e+02,1.000000000000000000e+00,2.900250000000001438e-01
5.350000000000000000e+02,1.000000000000000000e+00,2.908250000000000557e-01
5.360000000000000000e+02,1.000000000000000000e+00,2.940500000000000336e-01
5.370000000000000000e+02,1.000000000000000000e+00,2.940500000000000336e-01
5.380000000000000000e+02,1.000000000000000000e+00,2.956750000000001322e-01
5.390000000000000000e+02,1.000000000000000000e+00,2.932500000000001217e-01
5.400000000000000000e+02,1.000000000000000000e+00,2.900250000000001438e-01
5.410000000000000000e+02,1.000000000000000000e+00,2.908250000000000557e-01
5.420000000000000000e+02,1.000000000000000000e+00,2.924499999999999877e-01
5.430000000000000000e+02,1.000000000000000000e+00,2.940500000000000336e-01
5.440000000000000000e+02,1.000000000000000000e+00,2.964750000000000441e-01
5.450000000000000000e+02,1.000000000000000000e+00,2.932500000000001217e-01
5.460000000000000000e+02,1.000000000000000000e+00,2.900250000000001438e-01
5.470000000000000000e+02,1.000000000000000000e+00,2.900250000000001438e-01
5.480000000000000000e+02,1.000000000000000000e+00,2.924499999999999877e-01
5.490000000000000000e+02,1.000000000000000000e+00,2.940500000000000336e-01
5.500000000000000000e+02,1.000000000000000000e+00,2.948500000000001120e-01
5.510000000000000000e+02,1.000000000000000000e+00,2.916500000000000759e-01
5.520000000000000000e+02,1.000000000000000000e+00,2.892250000000000654e-01
5.530000000000000000e+02,1.000000000000000000e+00,2.932500000000001217e-01
5.540000000000000000e+02,1.000000000000000000e+00,2.956750000000001322e-01
5.550000000000000000e+02,1.000000000000000000e+00,2.956750000000001322e-01
5.560000000000000000e+02,1.000000000000000000e+00,2.980750000000000344e-01
5.570000000000000000e+02,1.000000000000000000e+00,2.940500000000000336e-01
5.580000000000000000e+02,1.000000000000000000e+00,2.940500000000000336e-01
5.590000000000000000e+02,1.000000000000000000e+00,2.932500000000001217e-01
5.600000000000000000e+02,1.000000000000000000e+00,2.972750000000001225e-01
5.610000000000000000e+02,1.000000000000000000e+00,2.997000000000001885e-01
5.620000000000000000e+02,1.000000000000000000e+00,3.005000000000001004e-01
5.630000000000000000e+02,1.000000000000000000e+00,2.972750000000001225e-01
5.640000000000000000e+02,1.000000000000000000e+00,2.980750000000000344e-01
5.650000000000000000e+02,1.000000000000000000e+00,2.972750000000001225e-01
5.660000000000000000e+02,1.000000000000000000e+00,3.013000000000001788e-01
5.670000000000000000e+02,1.000000000000000000e+00,2.997000000000001885e-01
5.680000000000000000e+02,1.000000000000000000e+00,3.013000000000001788e-01
5.690000000000000000e+02,1.000000000000000000e+00,2.989000000000000545e-01
5.700000000000000000e+02,1.000000000000000000e+00,2.989000000000000545e-01
5.710000000000000000e+02,1.000000000000000000e+00,2.989000000000000545e-01
5.720000000000000000e+02,1.000000000000000000e+00,3.005000000000001004e-01
5.730000000000000000e+02,1.000000000000000000e+00,3.005000000000001004e-01
5.740000000000000000e+02,1.000000000000000000e+00,3.037250000000000227e-01
5.750000000000000000e+02,1.000000000000000000e+00,3.021250000000000324e-01
5.760000000000000000e+02,1.000000000000000000e+00,3.037250000000000227e-01
5.770000000000000000e+02,1.000000000000000000e+00,2.989000000000000545e-01
5.780000000000000000e+02,1.000000000000000000e+00,2.972750000000001225e-01
5.790000000000000000e+02,1.000000000000000000e+00,2.964750000000000441e-01
5.800000000000000000e+02,1.000000000000000000e+00,3.005000000000001004e-01
5.810000000000000000e+02,1.000000000000000000e+00,2.980750000000000344e-01
5.820000000000000000e+02,1.000000000000000000e+00,2.997000000000001885e-01
5.830000000000000000e+02,1.000000000000000000e+00,2.964750000000000441e-01
5.840000000000000000e+02,1.000000000000000000e+00,2.940500000000000336e-01
5.850000000000000000e+02,1.000000000000000000e+00,2.972750000000001225e-01
5.860000000000000000e+02,1.000000000000000000e+00,3.045250000000001012e-01
5.870000000000000000e+02,1.000000000000000000e+00,3.013000000000001788e-01
5.880000000000000000e+02,1.000000000000000000e+00,3.053250000000000131e-01
5.890000000000000000e+02,1.000000000000000000e+00,2.980750000000000344e-01
5.900000000000000000e+02,1.000000000000000000e+00,2.980750000000000344e-01
5.910000000000000000e+02,1.000000000000000000e+00,2.997000000000001885e-01
5.920000000000000000e+02,1.000000000000000000e+00,3.053250000000000131e-01
5.930000000000000000e+02,1.000000000000000000e+00,3.005000000000001004e-01
5.940000000000000000e+02,1.000000000000000000e+00,3.013000000000001788e-01
5.950000000000000000e+02,1.000000000000000000e+00,2.964750000000000441e-01
5.960000000000000000e+02,1.000000000000000000e+00,2.956750000000001322e-01
5.970000000000000000e+02,1.000000000000000000e+00,2.997000000000001885e-01
5.980000000000000000e+02,1.000000000000000000e+00,3.021250000000000324e-01
5.990000000000000000e+02,1.000000000000000000e+00,2.964750000000000441e-01
6.000000000000000000e+02,1.000000000000000000e+00,2.989000000000000545e-01
6.010000000000000000e+02,1.000000000000000000e+00,3.005000000000001004e-01
6.020000000000000000e+02,1.000000000000000000e+00,2.972750000000001225e-01
6.030000000000000000e+02,1.000000000000000000e+00,2.997000000000001885e-01
6.040000000000000000e+02,1.000000000000000000e+00,3.029250000000001108e-01
6.050000000000000000e+02,1.000000000000000000e+00,3.045250000000001012e-01
6.060000000000000000e+02,1.000000000000000000e+00,3.053250000000000131e-01
6.070000000000000000e+02,1.000000000000000000e+00,3.029250000000001108e-01
6.080000000000000000e+02,1.000000000000000000e+00,3.085500000000001575e-01
6.090000000000000000e+02,1.000000000000000000e+00,3.045250000000001012e-01
6.100000000000000000e+02,1.000000000000000000e+00,3.069500000000001672e-01
6.110000000000000000e+02,1.000000000000000000e+00,3.069500000000001672e-01
6.120000000000000000e+02,1.000000000000000000e+00,3.069500000000001672e-01
6.130000000000000000e+02,1.000000000000000000e+00,3.037250000000000227e-01
6.140000000000000000e+02,1.000000000000000000e+00,3.061500000000000332e-01
6.150000000000000000e+02,1.000000000000000000e+00,3.069500000000001672e-01
6.160000000000000000e+02,1.000000000000000000e+00,3.021250000000000324e-01
6.170000000000000000e+02,1.000000000000000000e+00,3.045250000000001012e-01
6.180000000000000000e+02,1.000000000000000000e+00,3.013000000000001788e-01
6.190000000000000000e+02,1.000000000000000000e+00,3.013000000000001788e-01
6.200000000000000000e+02,1.000000000000000000e+00,3.053250000000000131e-01
6.210000000000000000e+02,1.000000000000000000e+00,3.029250000000001108e-01
6.220000000000000000e+02,1.000000000000000000e+00,3.053250000000000131e-01
6.230000000000000000e+02,1.000000000000000000e+00,3.021250000000000324e-01
6.240000000000000000e+02,1.000000000000000000e+00,3.029250000000001108e-01
6.250000000000000000e+02,1.000000000000000000e+00,2.989000000000000545e-01
6.260000000000000000e+02,1.000000000000000000e+00,2.989000000000000545e-01
6.270000000000000000e+02,1.000000000000000000e+00,2.972750000000001225e-01
6.280000000000000000e+02,1.000000000000000000e+00,3.045250000000001012e-01
6.290000000000000000e+02,1.000000000000000000e+00,3.021250000000000324e-01
6.300000000000000000e+02,1.000000000000000000e+00,3.061500000000000332e-01
6.310000000000000000e+02,1.000000000000000000e+00,3.005000000000001004e-01
6.320000000000000000e+02,1.000000000000000000e+00,3.013000000000001788e-01
6.330000000000000000e+02,1.000000000000000000e+00,3.037250000000000227e-01
6.340000000000000000e+02,1.000000000000000000e+00,3.037250000000000227e-01
6.350000000000000000e+02,1.000000000000000000e+00,3.077500000000000790e-01
6.360000000000000000e+02,1.000000000000000000e+00,3.085500000000001575e-01
6.370000000000000000e+02,1.000000000000000000e+00,3.093750000000000111e-01
6.380000000000000000e+02,1.000000000000000000e+00,3.101750000000000895e-01
6.390000000000000000e+02,1.000000000000000000e+00,3.061500000000000332e-01
6.400000000000000000e+02,1.000000000000000000e+00,3.077500000000000790e-01
6.410000000000000000e+02,1.000000000000000000e+00,3.045250000000001012e-01
6.420000000000000000e+02,1.000000000000000000e+00,3.053250000000000131e-01
6.430000000000000000e+02,1.000000000000000000e+00,3.077500000000000790e-01
6.440000000000000000e+02,1.000000000000000000e+00,3.085500000000001575e-01
6.450000000000000000e+02,1.000000000000000000e+00,3.093750000000000111e-01
6.460000000000000000e+02,1.000000000000000000e+00,3.101750000000000895e-01
6.470000000000000000e+02,1.000000000000000000e+00,3.077500000000000790e-01
6.480000000000000000e+02,1.000000000000000000e+00,3.085500000000001575e-01
6.490000000000000000e+02,1.000000000000000000e+00,3.053250000000000131e-01
6.500000000000000000e+02,1.000000000000000000e+00,3.077500000000000790e-01
6.510000000000000000e+02,1.000000000000000000e+00,3.085500000000001575e-01
6.520000000000000000e+02,1.000000000000000000e+00,3.117750000000000798e-01
6.530000000000000000e+02,1.000000000000000000e+00,3.109750000000000014e-01
6.540000000000000000e+02,1.000000000000000000e+00,3.134000000000000119e-01
6.550000000000000000e+02,1.000000000000000000e+00,3.109750000000000014e-01
6.560000000000000000e+02,1.000000000000000000e+00,3.125749999999999917e-01
6.570000000000000000e+02,1.000000000000000000e+00,3.109750000000000014e-01
6.580000000000000000e+02,1.000000000000000000e+00,3.109750000000000014e-01
6.590000000000000000e+02,1.000000000000000000e+00,3.061500000000000332e-01
6.600000000000000000e+02,1.000000000000000000e+00,3.101750000000000895e-01
6.610000000000000000e+02,1.000000000000000000e+00,3.125749999999999917e-01
6.620000000000000000e+02,1.000000000000000000e+00,3.134000000000000119e-01
6.630000000000000000e+02,1.000000000000000000e+00,3.109750000000000014e-01
6.640000000000000000e+02,1.000000000000000000e+00,3.093750000000000111e-01
6.650000000000000000e+02,1.000000000000000000e+00,3.125749999999999917e-01
6.660000000000000000e+02,1.000000000000000000e+00,3.093750000000000111e-01
6.670000000000000000e+02,1.000000000000000000e+00,3.061500000000000332e-01
6.680000000000000000e+02,1.000000000000000000e+00,3.069500000000001672e-01
6.690000000000000000e+02,1.000000000000000000e+00,3.093750000000000111e-01
6.700000000000000000e+02,1.000000000000000000e+00,3.142000000000001458e-01
6.710000000000000000e+02,1.000000000000000000e+00,3.109750000000000014e-01
6.720000000000000000e+02,1.000000000000000000e+00,3.134000000000000119e-01
6.730000000000000000e+02,1.000000000000000000e+00,3.117750000000000798e-01
6.740000000000000000e+02,1.000000000000000000e+00,3.134000000000000119e-01
6.750000000000000000e+02,1.000000000000000000e+00,3.125749999999999917e-01
6.760000000000000000e+02,1.000000000000000000e+00,3.150000000000000577e-01
6.770000000000000000e+02,1.000000000000000000e+00,3.150000000000000577e-01
6.780000000000000000e+02,1.000000000000000000e+00,3.158000000000001362e-01
6.790000000000000000e+02,1.000000000000000000e+00,3.142000000000001458e-01
6.800000000000000000e+02,1.000000000000000000e+00,3.142000000000001458e-01
6.810000000000000000e+02,1.000000000000000000e+00,3.174250000000000682e-01
6.820000000000000000e+02,1.000000000000000000e+00,3.158000000000001362e-01
6.830000000000000000e+02,1.000000000000000000e+00,3.158000000000001362e-01
6.840000000000000000e+02,1.000000000000000000e+00,3.134000000000000119e-01
6.850000000000000000e+02,1.000000000000000000e+00,3.166250000000001563e-01
6.860000000000000000e+02,1.000000000000000000e+00,3.158000000000001362e-01
6.870000000000000000e+02,1.000000000000000000e+00,3.214500000000001245e-01
6.880000000000000000e+02,1.000000000000000000e+00,3.166250000000001563e-01
6.890000000000000000e+02,1.000000000000000000e+00,3.182250000000001466e-01
6.900000000000000000e+02,1.000000000000000000e+00,3.134000000000000119e-01
6.910000000000000000e+02,1.000000000000000000e+00,3.190250000000000585e-01
6.920000000000000000e+02,1.000000000000000000e+00,3.182250000000001466e-01
6.930000000000000000e+02,1.000000000000000000e+00,3.158000000000001362e-01
6.940000000000000000e+02,1.000000000000000000e+00,3.142000000000001458e-01
6.950000000000000000e+02,1.000000000000000000e+00,3.134000000000000119e-01
6.960000000000000000e+02,1.000000000000000000e+00,3.125749999999999917e-01
6.970000000000000000e+02,1.000000000000000000e+00,3.142000000000001458e-01
6.980000000000000000e+02,1.000000000000000000e+00,3.093750000000000111e-01
6.990000000000000000e+02,1.000000000000000000e+00,3.158000000000001362e-01
7.000000000000000000e+02,1.000000000000000000e+00,3.198500000000000787e-01
7.010000000000000000e+02,1.000000000000000000e+00,3.166250000000001563e-01
7.020000000000000000e+02,1.000000000000000000e+00,3.117750000000000798e-01
7.030000000000000000e+02,1.000000000000000000e+00,3.117750000000000798e-01
7.040000000000000000e+02,1.000000000000000000e+00,3.101750000000000895e-01
7.050000000000000000e+02,1.000000000000000000e+00,3.077500000000000790e-01
7.060000000000000000e+02,1.000000000000000000e+00,3.077500000000000790e-01
7.070000000000000000e+02,1.000000000000000000e+00,3.109750000000000014e-01
7.080000000000000000e+02,1.000000000000000000e+00,3.085500000000001575e-01
7.090000000000000000e+02,1.000000000000000000e+00,3.069500000000001672e-01
7.100000000000000000e+02,1.000000000000000000e+00,3.101750000000000895e-01
7.110000000000000000e+02,1.000000000000000000e+00,3.109750000000000014e-01
7.120000000000000000e+02,1.000000000000000000e+00,3.053250000000000131e-01
7.130000000000000000e+02,1.000000000000000000e+00,3.077500000000000790e-01
7.140000000000000000e+02,1.000000000000000000e+00,3.109750000000000014e-01
7.150000000000000000e+02,1.000000000000000000e+00,3.093750000000000111e-01
7.160000000000000000e+02,1.000000000000000000e+00,3.053250000000000131e-01
7.170000000000000000e+02,1.000000000000000000e+00,3.101750000000000895e-01
7.180000000000000000e+02,1.000000000000000000e+00,3.077500000000000790e-01
7.190000000000000000e+02,1.000000000000000000e+00,3.037250000000000227e-01
7.200000000000000000e+02,1.000000000000000000e+00,3.045250000000001012e-01
7.210000000000000000e+02,1.000000000000000000e+00,3.093750000000000111e-01
7.220000000000000000e+02,1.000000000000000000e+00,3.077500000000000790e-01
7.230000000000000000e+02,1.000000000000000000e+00,3.069500000000001672e-01
7.240000000000000000e+02,1.000000000000000000e+00,3.085500000000001575e-01
7.250000000000000000e+02,1.000000000000000000e+00,3.085500000000001575e-01
7.260000000000000000e+02,1.000000000000000000e+00,3.061500000000000332e-01
7.270000000000000000e+02,1.000000000000000000e+00,3.053250000000000131e-01
7.280000000000000000e+02,1.000000000000000000e+00,3.085500000000001575e-01
7.290000000000000000e+02,1.000000000000000000e+00,3.077500000000000790e-01
7.300000000000000000e+02,1.000000000000000000e+00,3.069500000000001672e-01
7.310000000000000000e+02,1.000000000000000000e+00,3.093750000000000111e-01
7.320000000000000000e+02,1.000000000000000000e+00,3.085500000000001575e-01
7.330000000000000000e+02,1.000000000000000000e+00,3.101750000000000895e-01
7.340000000000000000e+02,1.000000000000000000e+00,3.077500000000000790e-01
7.350000000000000000e+02,1.000000000000000000e+00,3.101750000000000895e-01
7.360000000000000000e+02,1.000000000000000000e+00,3.101750000000000895e-01
7.370000000000000000e+02,1.000000000000000000e+00,3.093750000000000111e-01
7.380000000000000000e+02,1.000000000000000000e+00,3.061500000000000332e-01
7.390000000000000000e+02,1.000000000000000000e+00,3.077500000000000790e-01
7.400000000000000000e+02,1.000000000000000000e+00,3.093750000000000111e-01
7.410000000000000000e+02,1.000000000000000000e+00,3.061500000000000332e-01
7.420000000000000000e+02,1.000000000000000000e+00,3.061500000000000332e-01
7.430000000000000000e+02,1.000000000000000000e+00,3.134000000000000119e-01
7.440000000000000000e+02,1.000000000000000000e+00,3.093750000000000111e-01
7.450000000000000000e+02,1.000000000000000000e+00,3.045250000000001012e-01
7.460000000000000000e+02,1.000000000000000000e+00,3.085500000000001575e-01
7.470000000000000000e+02,1.000000000000000000e+00,3.117750000000000798e-01
7.480000000000000000e+02,1.000000000000000000e+00,3.069500000000001672e-01
7.490000000000000000e+02,1.000000000000000000e+00,3.093750000000000111e-01
7.500000000000000000e+02,1.000000000000000000e+00,3.109750000000000014e-01
7.510000000000000000e+02,1.000000000000000000e+00,3.125749999999999917e-01
7.520000000000000000e+02,1.000000000000000000e+00,3.125749999999999917e-01
7.530000000000000000e+02,1.000000000000000000e+00,3.125749999999999917e-01
7.540000000000000000e+02,1.000000000000000000e+00,3.174250000000000682e-01
7.550000000000000000e+02,1.000000000000000000e+00,3.142000000000001458e-01
7.560000000000000000e+02,1.000000000000000000e+00,3.150000000000000577e-01
7.570000000000000000e+02,1.000000000000000000e+00,3.182250000000001466e-01
7.580000000000000000e+02,1.000000000000000000e+00,3.158000000000001362e-01
7.590000000000000000e+02,1.000000000000000000e+00,3.166250000000001563e-01
7.600000000000000000e+02,1.000000000000000000e+00,3.174250000000000682e-01
7.610000000000000000e+02,1.000000000000000000e+00,3.182250000000001466e-01
7.620000000000000000e+02,1.000000000000000000e+00,3.142000000000001458e-01
7.630000000000000000e+02,1.000000000000000000e+00,3.182250000000001466e-01
7.640000000000000000e+02,1.000000000000000000e+00,3.134000000000000119e-01
7.650000000000000000e+02,1.000000000000000000e+00,3.142000000000001458e-01
7.660000000000000000e+02,1.000000000000000000e+00,3.150000000000000577e-01
7.670000000000000000e+02,1.000000000000000000e+00,3.182250000000001466e-01
7.680000000000000000e+02,1.000000000000000000e+00,3.134000000000000119e-01
7.690000000000000000e+02,1.000000000000000000e+00,3.150000000000000577e-01
7.700000000000000000e+02,1.000000000000000000e+00,3.190250000000000585e-01
7.710000000000000000e+02,1.000000000000000000e+00,3.174250000000000682e-01
7.720000000000000000e+02,1.000000000000000000e+00,3.134000000000000119e-01
7.730000000000000000e+02,1.000000000000000000e+00,3.182250000000001466e-01
7.740000000000000000e+02,1.000000000000000000e+00,3.190250000000000585e-01
7.750000000000000000e+02,1.000000000000000000e+00,3.142000000000001458e-01
7.760000000000000000e+02,1.000000000000000000e+00,3.150000000000000577e-01
7.770000000000000000e+02,1.000000000000000000e+00,3.198500000000000787e-01
7.780000000000000000e+02,1.000000000000000000e+00,3.158000000000001362e-01
7.790000000000000000e+02,1.000000000000000000e+00,3.166250000000001563e-01
7.800000000000000000e+02,1.000000000000000000e+00,3.166250000000001563e-01
7.810000000000000000e+02,1.000000000000000000e+00,3.174250000000000682e-01
7.820000000000000000e+02,1.000000000000000000e+00,3.142000000000001458e-01
7.830000000000000000e+02,1.000000000000000000e+00,3.182250000000001466e-01
7.840000000000000000e+02,1.000000000000000000e+00,3.166250000000001563e-01
7.850000000000000000e+02,1.000000000000000000e+00,3.158000000000001362e-01
7.860000000000000000e+02,1.000000000000000000e+00,3.150000000000000577e-01
7.870000000000000000e+02,1.000000000000000000e+00,3.158000000000001362e-01
7.880000000000000000e+02,1.000000000000000000e+00,3.109750000000000014e-01
7.890000000000000000e+02,1.000000000000000000e+00,3.085500000000001575e-01
7.900000000000000000e+02,1.000000000000000000e+00,3.109750000000000014e-01
7.910000000000000000e+02,1.000000000000000000e+00,3.125749999999999917e-01
7.920000000000000000e+02,1.000000000000000000e+00,3.117750000000000798e-01
7.930000000000000000e+02,1.000000000000000000e+00,3.174250000000000682e-01
7.940000000000000000e+02,1.000000000000000000e+00,3.174250000000000682e-01
7.950000000000000000e+02,1.000000000000000000e+00,3.117750000000000798e-01
7.960000000000000000e+02,1.000000000000000000e+00,3.125749999999999917e-01
7.970000000000000000e+02,1.000000000000000000e+00,3.166250000000001563e-01
7.980000000000000000e+02,1.000000000000000000e+00,3.101750000000000895e-01
7.990000000000000000e+02,1.000000000000000000e+00,3.085500000000001575e-01
8.000000000000000000e+02,1.000000000000000000e+00,3.150000000000000577e-01
8.010000000000000000e+02,1.000000000000000000e+00,3.182250000000001466e-01
8.020000000000000000e+02,1.000000000000000000e+00,3.134000000000000119e-01
8.030000000000000000e+02,1.000000000000000000e+00,3.158000000000001362e-01
8.040000000000000000e+02,1.000000000000000000e+00,3.198500000000000787e-01
8.050000000000000000e+02,1.000000000000000000e+00,3.182250000000001466e-01
8.060000000000000000e+02,1.000000000000000000e+00,3.134000000000000119e-01
8.070000000000000000e+02,1.000000000000000000e+00,3.190250000000000585e-01
8.080000000000000000e+02,1.000000000000000000e+00,3.182250000000001466e-01
8.090000000000000000e+02,1.000000000000000000e+00,3.166250000000001563e-01
8.100000000000000000e+02,1.000000000000000000e+00,3.142000000000001458e-01
8.110000000000000000e+02,1.000000000000000000e+00,3.206499999999999906e-01
8.120000000000000000e+02,1.000000000000000000e+00,3.166250000000001563e-01
8.130000000000000000e+02,1.000000000000000000e+00,3.134000000000000119e-01
8.140000000000000000e+02,1.000000000000000000e+00,3.166250000000001563e-01
8.150000000000000000e+02,1.000000000000000000e+00,3.174250000000000682e-01
8.160000000000000000e+02,1.000000000000000000e+00,3.150000000000000577e-01
8.170000000000000000e+02,1.000000000000000000e+00,3.150000000000000577e-01
8.180000000000000000e+02,1.000000000000000000e+00,3.166250000000001563e-01
8.190000000000000000e+02,1.000000000000000000e+00,3.166250000000001563e-01
8.200000000000000000e+02,1.000000000000000000e+00,3.158000000000001362e-01
8.210000000000000000e+02,1.000000000000000000e+00,3.158000000000001362e-01
8.220000000000000000e+02,1.000000000000000000e+00,3.166250000000001563e-01
8.230000000000000000e+02,1.000000000000000000e+00,3.150000000000000577e-01
8.240000000000000000e+02,1.000000000000000000e+00,3.150000000000000577e-01
8.250000000000000000e+02,1.000000000000000000e+00,3.174250000000000682e-01
8.260000000000000000e+02,1.000000000000000000e+00,3.158000000000001362e-01
8.270000000000000000e+02,1.000000000000000000e+00,3.158000000000001362e-01
8.280000000000000000e+02,1.000000000000000000e+00,3.150000000000000577e-01
8.290000000000000000e+02,1.000000000000000000e+00,3.190250000000000585e-01
8.300000000000000000e+02,1.000000000000000000e+00,3.166250000000001563e-01
8.310000000000000000e+02,1.000000000000000000e+00,3.150000000000000577e-01
8.320000000000000000e+02,1.000000000000000000e+00,3.166250000000001563e-01
8.330000000000000000e+02,1.000000000000000000e+00,3.198500000000000787e-01
8.340000000000000000e+02,1.000000000000000000e+00,3.198500000000000787e-01
8.350000000000000000e+02,1.000000000000000000e+00,3.230500000000001148e-01
8.360000000000000000e+02,1.000000000000000000e+00,3.254750000000001253e-01
8.370000000000000000e+02,1.000000000000000000e+00,3.230500000000001148e-01
8.380000000000000000e+02,1.000000000000000000e+00,3.206499999999999906e-01
8.390000000000000000e+02,1.000000000000000000e+00,3.246750000000000469e-01
8.400000000000000000e+02,1.000000000000000000e+00,3.230500000000001148e-01
8.410000000000000000e+02,1.000000000000000000e+00,3.206499999999999906e-01
8.420000000000000000e+02,1.000000000000000000e+00,3.246750000000000469e-01
8.430000000000000000e+02,1.000000000000000000e+00,3.271000000000000574e-01
8.440000000000000000e+02,1.000000000000000000e+00,3.230500000000001148e-01
8.450000000000000000e+02,1.000000000000000000e+00,3.230500000000001148e-01
8.460000000000000000e+02,1.000000000000000000e+00,3.271000000000000574e-01
8.470000000000000000e+02,1.000000000000000000e+00,3.254750000000001253e-01
8.480000000000000000e+02,1.000000000000000000e+00,3.222500000000000364e-01
8.490000000000000000e+02,1.000000000000000000e+00,3.246750000000000469e-01
8.500000000000000000e+02,1.000000000000000000e+00,3.311250000000001137e-01
8.510000000000000000e+02,1.000000000000000000e+00,3.222500000000000364e-01
8.520000000000000000e+02,1.000000000000000000e+00,3.222500000000000364e-01
8.530000000000000000e+02,1.000000000000000000e+00,3.262750000000000372e-01
8.540000000000000000e+02,1.000000000000000000e+00,3.246750000000000469e-01
8.550000000000000000e+02,1.000000000000000000e+00,3.214500000000001245e-01
8.560000000000000000e+02,1.000000000000000000e+00,3.246750000000000469e-01
8.570000000000000000e+02,1.000000000000000000e+00,3.271000000000000574e-01
8.580000000000000000e+02,1.000000000000000000e+00,3.222500000000000364e-01
8.590000000000000000e+02,1.000000000000000000e+00,3.230500000000001148e-01
8.600000000000000000e+02,1.000000000000000000e+00,3.279000000000001913e-01
8.610000000000000000e+02,1.000000000000000000e+00,3.262750000000000372e-01
8.620000000000000000e+02,1.000000000000000000e+00,3.222500000000000364e-01
8.630000000000000000e+02,1.000000000000000000e+00,3.238750000000001350e-01
8.640000000000000000e+02,1.000000000000000000e+00,3.303000000000000935e-01
8.650000000000000000e+02,1.000000000000000000e+00,3.230500000000001148e-01
8.660000000000000000e+02,1.000000000000000000e+00,3.222500000000000364e-01
8.670000000000000000e+02,1.000000000000000000e+00,3.246750000000000469e-01
8.680000000000000000e+02,1.000000000000000000e+00,3.238750000000001350e-01
8.690000000000000000e+02,1.000000000000000000e+00,3.166250000000001563e-01
8.700000000000000000e+02,1.000000000000000000e+00,3.174250000000000682e-01
8.710000000000000000e+02,1.000000000000000000e+00,3.206499999999999906e-01
8.720000000000000000e+02,1.000000000000000000e+00,3.190250000000000585e-01
8.730000000000000000e+02,1.000000000000000000e+00,3.198500000000000787e-01
8.740000000000000000e+02,1.000000000000000000e+00,3.246750000000000469e-01
8.750000000000000000e+02,1.000000000000000000e+00,3.246750000000000469e-01
8.760000000000000000e+02,1.000000000000000000e+00,3.214500000000001245e-01
8.770000000000000000e+02,1.000000000000000000e+00,3.214500000000001245e-01
8.780000000000000000e+02,1.000000000000000000e+00,3.254750000000001253e-01
8.790000000000000000e+02,1.000000000000000000e+00,3.182250000000001466e-01
8.800000000000000000e+02,1.000000000000000000e+00,3.166250000000001563e-01
8.810000000000000000e+02,1.000000000000000000e+00,3.166250000000001563e-01
8.820000000000000000e+02,1.000000000000000000e+00,3.198500000000000787e-01
8.830000000000000000e+02,1.000000000000000000e+00,3.150000000000000577e-01
8.840000000000000000e+02,1.000000000000000000e+00,3.190250000000000585e-01
8.850000000000000000e+02,1.000000000000000000e+00,3.190250000000000585e-01
8.860000000000000000e+02,1.000000000000000000e+00,3.230500000000001148e-01
8.870000000000000000e+02,1.000000000000000000e+00,3.190250000000000585e-01
8.880000000000000000e+02,1.000000000000000000e+00,3.230500000000001148e-01
8.890000000000000000e+02,1.000000000000000000e+00,3.246750000000000469e-01
8.900000000000000000e+02,1.000000000000000000e+00,3.230500000000001148e-01
8.910000000000000000e+02,1.000000000000000000e+00,3.230500000000001148e-01
8.920000000000000000e+02,1.000000000000000000e+00,3.238750000000001350e-01
8.930000000000000000e+02,1.000000000000000000e+00,3.166250000000001563e-01
8.940000000000000000e+02,1.000000000000000000e+00,3.182250000000001466e-01
8.950000000000000000e+02,1.000000000000000000e+00,3.174250000000000682e-01
8.960000000000000000e+02,1.000000000000000000e+00,3.214500000000001245e-01
8.970000000000000000e+02,1.000000000000000000e+00,3.134000000000000119e-01
8.980000000000000000e+02,1.000000000000000000e+00,3.166250000000001563e-01
8.990000000000000000e+02,1.000000000000000000e+00,3.190250000000000585e-01
9.000000000000000000e+02,1.000000000000000000e+00,3.158000000000001362e-01
9.010000000000000000e+02,1.000000000000000000e+00,3.134000000000000119e-01
9.020000000000000000e+02,1.000000000000000000e+00,3.214500000000001245e-01
9.030000000000000000e+02,1.000000000000000000e+00,3.190250000000000585e-01
9.040000000000000000e+02,1.000000000000000000e+00,3.142000000000001458e-01
9.050000000000000000e+02,1.000000000000000000e+00,3.158000000000001362e-01
9.060000000000000000e+02,1.000000000000000000e+00,3.198500000000000787e-01
9.070000000000000000e+02,1.000000000000000000e+00,3.150000000000000577e-01
9.080000000000000000e+02,1.000000000000000000e+00,3.142000000000001458e-01
9.090000000000000000e+02,1.000000000000000000e+00,3.158000000000001362e-01
9.100000000000000000e+02,1.000000000000000000e+00,3.158000000000001362e-01
9.110000000000000000e+02,1.000000000000000000e+00,3.142000000000001458e-01
9.120000000000000000e+02,1.000000000000000000e+00,3.142000000000001458e-01
9.130000000000000000e+02,1.000000000000000000e+00,3.150000000000000577e-01
9.140000000000000000e+02,1.000000000000000000e+00,3.142000000000001458e-01
9.150000000000000000e+02,1.000000000000000000e+00,3.125749999999999917e-01
9.160000000000000000e+02,1.000000000000000000e+00,3.174250000000000682e-01
9.170000000000000000e+02,1.000000000000000000e+00,3.190250000000000585e-01
9.180000000000000000e+02,1.000000000000000000e+00,3.142000000000001458e-01
9.190000000000000000e+02,1.000000000000000000e+00,3.142000000000001458e-01
9.200000000000000000e+02,1.000000000000000000e+00,3.206499999999999906e-01
9.210000000000000000e+02,1.000000000000000000e+00,3.174250000000000682e-01
9.220000000000000000e+02,1.000000000000000000e+00,3.134000000000000119e-01
9.230000000000000000e+02,1.000000000000000000e+00,3.174250000000000682e-01
9.240000000000000000e+02,1.000000000000000000e+00,3.222500000000000364e-01
9.250000000000000000e+02,1.000000000000000000e+00,3.150000000000000577e-01
9.260000000000000000e+02,1.000000000000000000e+00,3.142000000000001458e-01
9.270000000000000000e+02,1.000000000000000000e+00,3.206499999999999906e-01
9.280000000000000000e+02,1.000000000000000000e+00,3.214500000000001245e-01
9.290000000000000000e+02,1.000000000000000000e+00,3.182250000000001466e-01
9.300000000000000000e+02,1.000000000000000000e+00,3.174250000000000682e-01
9.310000000000000000e+02,1.000000000000000000e+00,3.190250000000000585e-01
9.320000000000000000e+02,1.000000000000000000e+00,3.246750000000000469e-01
9.330000000000000000e+02,1.000000000000000000e+00,3.222500000000000364e-01
9.340000000000000000e+02,1.000000000000000000e+00,3.190250000000000585e-01
9.350000000000000000e+02,1.000000000000000000e+00,3.230500000000001148e-01
9.360000000000000000e+02,1.000000000000000000e+00,3.271000000000000574e-01
9.370000000000000000e+02,1.000000000000000000e+00,3.206499999999999906e-01
9.380000000000000000e+02,1.000000000000000000e+00,3.254750000000001253e-01
9.390000000000000000e+02,1.000000000000000000e+00,3.254750000000001253e-01
9.400000000000000000e+02,1.000000000000000000e+00,3.246750000000000469e-01
9.410000000000000000e+02,1.000000000000000000e+00,3.206499999999999906e-01
9.420000000000000000e+02,1.000000000000000000e+00,3.246750000000000469e-01
9.430000000000000000e+02,1.000000000000000000e+00,3.271000000000000574e-01
9.440000000000000000e+02,1.000000000000000000e+00,3.238750000000001350e-01
9.450000000000000000e+02,1.000000000000000000e+00,3.214500000000001245e-01
9.460000000000000000e+02,1.000000000000000000e+00,3.262750000000000372e-01
9.470000000000000000e+02,1.000000000000000000e+00,3.214500000000001245e-01
9.480000000000000000e+02,1.000000000000000000e+00,3.182250000000001466e-01
9.490000000000000000e+02,1.000000000000000000e+00,3.214500000000001245e-01
9.500000000000000000e+02,1.000000000000000000e+00,3.206499999999999906e-01
9.510000000000000000e+02,1.000000000000000000e+00,3.182250000000001466e-01
9.520000000000000000e+02,1.000000000000000000e+00,3.166250000000001563e-01
9.530000000000000000e+02,1.000000000000000000e+00,3.182250000000001466e-01
9.540000000000000000e+02,1.000000000000000000e+00,3.246750000000000469e-01
9.550000000000000000e+02,1.000000000000000000e+00,3.230500000000001148e-01
9.560000000000000000e+02,1.000000000000000000e+00,3.206499999999999906e-01
9.570000000000000000e+02,1.000000000000000000e+00,3.190250000000000585e-01
9.580000000000000000e+02,1.000000000000000000e+00,3.230500000000001148e-01
9.590000000000000000e+02,1.000000000000000000e+00,3.166250000000001563e-01
9.600000000000000000e+02,1.000000000000000000e+00,3.174250000000000682e-01
9.610000000000000000e+02,1.000000000000000000e+00,3.174250000000000682e-01
9.620000000000000000e+02,1.000000000000000000e+00,3.214500000000001245e-01
9.630000000000000000e+02,1.000000000000000000e+00,3.134000000000000119e-01
9.640000000000000000e+02,1.000000000000000000e+00,3.158000000000001362e-01
9.650000000000000000e+02,1.000000000000000000e+00,3.198500000000000787e-01
9.660000000000000000e+02,1.000000000000000000e+00,3.174250000000000682e-01
9.670000000000000000e+02,1.000000000000000000e+00,3.134000000000000119e-01
9.680000000000000000e+02,1.000000000000000000e+00,3.206499999999999906e-01
9.690000000000000000e+02,1.000000000000000000e+00,3.174250000000000682e-01
9.700000000000000000e+02,1.000000000000000000e+00,3.134000000000000119e-01
9.710000000000000000e+02,1.000000000000000000e+00,3.150000000000000577e-01
9.720000000000000000e+02,1.000000000000000000e+00,3.198500000000000787e-01
9.730000000000000000e+02,1.000000000000000000e+00,3.142000000000001458e-01
9.740000000000000000e+02,1.000000000000000000e+00,3.109750000000000014e-01
9.750000000000000000e+02,1.000000000000000000e+00,3.125749999999999917e-01
9.760000000000000000e+02,1.000000000000000000e+00,3.109750000000000014e-01
9.770000000000000000e+02,1.000000000000000000e+00,3.061500000000000332e-01
9.780000000000000000e+02,1.000000000000000000e+00,3.077500000000000790e-01
9.790000000000000000e+02,1.000000000000000000e+00,3.117750000000000798e-01
9.800000000000000000e+02,1.000000000000000000e+00,3.077500000000000790e-01
9.810000000000000000e+02,1.000000000000000000e+00,3.077500000000000790e-01
9.820000000000000000e+02,1.000000000000000000e+00,3.061500000000000332e-01
9.830000000000000000e+02,1.000000000000000000e+00,3.117750000000000798e-01
9.840000000000000000e+02,1.000000000000000000e+00,3.109750000000000014e-01
9.850000000000000000e+02,1.000000000000000000e+00,3.117750000000000798e-01
9.860000000000000000e+02,1.000000000000000000e+00,3.125749999999999917e-01
9.870000000000000000e+02,1.000000000000000000e+00,3.117750000000000798e-01
9.880000000000000000e+02,1.000000000000000000e+00,3.093750000000000111e-01
9.890000000000000000e+02,1.000000000000000000e+00,3.085500000000001575e-01
9.900000000000000000e+02,1.000000000000000000e+00,3.125749999999999917e-01
9.910000000000000000e+02,1.000000000000000000e+00,3.158000000000001362e-01
9.920000000000000000e+02,1.000000000000000000e+00,3.166250000000001563e-01
9.930000000000000000e+02,1.000000000000000000e+00,3.158000000000001362e-01
9.940000000000000000e+02,1.000000000000000000e+00,3.142000000000001458e-01
9.950000000000000000e+02,1.000000000000000000e+00,3.166250000000001563e-01
9.960000000000000000e+02,1.000000000000000000e+00,3.174250000000000682e-01
9.970000000000000000e+02,1.000000000000000000e+00,3.142000000000001458e-01
9.980000000000000000e+02,1.000000000000000000e+00,3.142000000000001458e-01
9.990000000000000000e+02,1.000000000000000000e+00,3.214500000000001245e-01
1.000000000000000000e+03,1.000000000000000000e+00,3.158000000000001362e-01
1.001000000000000000e+03,1.000000000000000000e+00,3.158000000000001362e-01
1.002000000000000000e+03,1.000000000000000000e+00,3.166250000000001563e-01
1.003000000000000000e+03,1.000000000000000000e+00,3.206499999999999906e-01
1.004000000000000000e+03,1.000000000000000000e+00,3.158000000000001362e-01
1.005000000000000000e+03,1.000000000000000000e+00,3.150000000000000577e-01
1.006000000000000000e+03,1.000000000000000000e+00,3.142000000000001458e-01
1.007000000000000000e+03,1.000000000000000000e+00,3.206499999999999906e-01
1.008000000000000000e+03,1.000000000000000000e+00,3.174250000000000682e-01
1.009000000000000000e+03,1.000000000000000000e+00,3.142000000000001458e-01
1.010000000000000000e+03,1.000000000000000000e+00,3.150000000000000577e-01
1.011000000000000000e+03,1.000000000000000000e+00,3.190250000000000585e-01
1.012000000000000000e+03,1.000000000000000000e+00,3.182250000000001466e-01
1.013000000000000000e+03,1.000000000000000000e+00,3.174250000000000682e-01
1.014000000000000000e+03,1.000000000000000000e+00,3.158000000000001362e-01
1.015000000000000000e+03,1.000000000000000000e+00,3.190250000000000585e-01
1.016000000000000000e+03,1.000000000000000000e+00,3.190250000000000585e-01
1.017000000000000000e+03,1.000000000000000000e+00,3.158000000000001362e-01
1.018000000000000000e+03,1.000000000000000000e+00,3.142000000000001458e-01
1.019000000000000000e+03,1.000000000000000000e+00,3.214500000000001245e-01
1.020000000000000000e+03,1.000000000000000000e+00,3.166250000000001563e-01
1.021000000000000000e+03,1.000000000000000000e+00,3.150000000000000577e-01
1.022000000000000000e+03,1.000000000000000000e+00,3.150000000000000577e-01
1.023000000000000000e+03,1.000000000000000000e+00,3.198500000000000787e-01
1.024000000000000000e+03,1.000000000000000000e+00,3.190250000000000585e-01
1.025000000000000000e+03,1.000000000000000000e+00,3.174250000000000682e-01
1.026000000000000000e+03,1.000000000000000000e+00,3.134000000000000119e-01
1.027000000000000000e+03,1.000000000000000000e+00,3.190250000000000585e-01
1.028000000000000000e+03,1.000000000000000000e+00,3.166250000000001563e-01
1.029000000000000000e+03,1.000000000000000000e+00,3.206499999999999906e-01
1.030000000000000000e+03,1.000000000000000000e+00,3.150000000000000577e-01
1.031000000000000000e+03,1.000000000000000000e+00,3.150000000000000577e-01
1.032000000000000000e+03,1.000000000000000000e+00,3.198500000000000787e-01
1.033000000000000000e+03,1.000000000000000000e+00,3.198500000000000787e-01
1.034000000000000000e+03,1.000000000000000000e+00,3.174250000000000682e-01
1.035000000000000000e+03,1.000000000000000000e+00,3.158000000000001362e-01
1.036000000000000000e+03,1.000000000000000000e+00,3.174250000000000682e-01
1.037000000000000000e+03,1.000000000000000000e+00,3.214500000000001245e-01
1.038000000000000000e+03,1.000000000000000000e+00,3.190250000000000585e-01
1.039000000000000000e+03,1.000000000000000000e+00,3.166250000000001563e-01
1.040000000000000000e+03,1.000000000000000000e+00,3.190250000000000585e-01
1.041000000000000000e+03,1.000000000000000000e+00,3.206499999999999906e-01
1.042000000000000000e+03,1.000000000000000000e+00,3.222500000000000364e-01
1.043000000000000000e+03,1.000000000000000000e+00,3.214500000000001245e-01
1.044000000000000000e+03,1.000000000000000000e+00,3.198500000000000787e-01
1.045000000000000000e+03,1.000000000000000000e+00,3.262750000000000372e-01
1.046000000000000000e+03,1.000000000000000000e+00,3.214500000000001245e-01
1.047000000000000000e+03,1.000000000000000000e+00,3.174250000000000682e-01
1.048000000000000000e+03,1.000000000000000000e+00,3.166250000000001563e-01
1.049000000000000000e+03,1.000000000000000000e+00,3.222500000000000364e-01
1.050000000000000000e+03,1.000000000000000000e+00,3.166250000000001563e-01
1.051000000000000000e+03,1.000000000000000000e+00,3.150000000000000577e-01
1.052000000000000000e+03,1.000000000000000000e+00,3.150000000000000577e-01
1.053000000000000000e+03,1.000000000000000000e+00,3.206499999999999906e-01
1.054000000000000000e+03,1.000000000000000000e+00,3.190250000000000585e-01
1.055000000000000000e+03,1.000000000000000000e+00,3.158000000000001362e-01
1.056000000000000000e+03,1.000000000000000000e+00,3.158000000000001362e-01
1.057000000000000000e+03,1.000000000000000000e+00,3.214500000000001245e-01
1.058000000000000000e+03,1.000000000000000000e+00,3.174250000000000682e-01
1.059000000000000000e+03,1.000000000000000000e+00,3.150000000000000577e-01
1.060000000000000000e+03,1.000000000000000000e+00,3.142000000000001458e-01
1.061000000000000000e+03,1.000000000000000000e+00,3.190250000000000585e-01
1.062000000000000000e+03,1.000000000000000000e+00,3.198500000000000787e-01
1.063000000000000000e+03,1.000000000000000000e+00,3.158000000000001362e-01
1.064000000000000000e+03,1.000000000000000000e+00,3.125749999999999917e-01
1.065000000000000000e+03,1.000000000000000000e+00,3.182250000000001466e-01
1.066000000000000000e+03,1.000000000000000000e+00,3.166250000000001563e-01
1.067000000000000000e+03,1.000000000000000000e+00,3.150000000000000577e-01
1.068000000000000000e+03,1.000000000000000000e+00,3.150000000000000577e-01
1.069000000000000000e+03,1.000000000000000000e+00,3.190250000000000585e-01
1.070000000000000000e+03,1.000000000000000000e+00,3.182250000000001466e-01
1.071000000000000000e+03,1.000000000000000000e+00,3.158000000000001362e-01
1.072000000000000000e+03,1.000000000000000000e+00,3.158000000000001362e-01
1.073000000000000000e+03,1.000000000000000000e+00,3.182250000000001466e-01
1.074000000000000000e+03,1.000000000000000000e+00,3.182250000000001466e-01
1.075000000000000000e+03,1.000000000000000000e+00,3.142000000000001458e-01
1.076000000000000000e+03,1.000000000000000000e+00,3.166250000000001563e-01
1.077000000000000000e+03,1.000000000000000000e+00,3.238750000000001350e-01
1.078000000000000000e+03,1.000000000000000000e+00,3.222500000000000364e-01
1.079000000000000000e+03,1.000000000000000000e+00,3.198500000000000787e-01
1.080000000000000000e+03,1.000000000000000000e+00,3.230500000000001148e-01
1.081000000000000000e+03,1.000000000000000000e+00,3.262750000000000372e-01
1.082000000000000000e+03,1.000000000000000000e+00,3.190250000000000585e-01
1.083000000000000000e+03,1.000000000000000000e+00,3.174250000000000682e-01
1.084000000000000000e+03,1.000000000000000000e+00,3.182250000000001466e-01
1.085000000000000000e+03,1.000000000000000000e+00,3.246750000000000469e-01
1.086000000000000000e+03,1.000000000000000000e+00,3.246750000000000469e-01
1.087000000000000000e+03,1.000000000000000000e+00,3.198500000000000787e-01
1.088000000000000000e+03,1.000000000000000000e+00,3.182250000000001466e-01
1.089000000000000000e+03,1.000000000000000000e+00,3.214500000000001245e-01
1.090000000000000000e+03,1.000000000000000000e+00,3.142000000000001458e-01
1.091000000000000000e+03,1.000000000000000000e+00,3.158000000000001362e-01
1.092000000000000000e+03,1.000000000000000000e+00,3.182250000000001466e-01
1.093000000000000000e+03,1.000000000000000000e+00,3.190250000000000585e-01
1.094000000000000000e+03,1.000000000000000000e+00,3.142000000000001458e-01
1.095000000000000000e+03,1.000000000000000000e+00,3.142000000000001458e-01
1.096000000000000000e+03,1.000000000000000000e+00,3.150000000000000577e-01
1.097000000000000000e+03,1.000000000000000000e+00,3.142000000000001458e-01
1.098000000000000000e+03,1.000000000000000000e+00,3.142000000000001458e-01
1.099000000000000000e+03,1.000000000000000000e+00,3.182250000000001466e-01
1.100000000000000000e+03,1.000000000000000000e+00,3.174250000000000682e-01
1.101000000000000000e+03,1.000000000000000000e+00,3.134000000000000119e-01
1.102000000000000000e+03,1.000000000000000000e+00,3.158000000000001362e-01
1.103000000000000000e+03,1.000000000000000000e+00,3.206499999999999906e-01
1.104000000000000000e+03,1.000000000000000000e+00,3.142000000000001458e-01
1.105000000000000000e+03,1.000000000000000000e+00,3.134000000000000119e-01
1.106000000000000000e+03,1.000000000000000000e+00,3.182250000000001466e-01
1.107000000000000000e+03,1.000000000000000000e+00,3.214500000000001245e-01
1.108000000000000000e+03,1.000000000000000000e+00,3.158000000000001362e-01
1.109000000000000000e+03,1.000000000000000000e+00,3.206499999999999906e-01
1.110000000000000000e+03,1.000000000000000000e+00,3.238750000000001350e-01
1.111000000000000000e+03,1.000000000000000000e+00,3.214500000000001245e-01
1.112000000000000000e+03,1.000000000000000000e+00,3.222500000000000364e-01
1.113000000000000000e+03,1.000000000000000000e+00,3.246750000000000469e-01
1.114000000000000000e+03,1.000000000000000000e+00,3.246750000000000469e-01
1.115000000000000000e+03,1.000000000000000000e+00,3.214500000000001245e-01
1.116000000000000000e+03,1.000000000000000000e+00,3.238750000000001350e-01
1.117000000000000000e+03,1.000000000000000000e+00,3.287000000000001032e-01
1.118000000000000000e+03,1.000000000000000000e+00,3.230500000000001148e-01
1.119000000000000000e+03,1.000000000000000000e+00,3.230500000000001148e-01
1.120000000000000000e+03,1.000000000000000000e+00,3.246750000000000469e-01
1.121000000000000000e+03,1.000000000000000000e+00,3.279000000000001913e-01
1.122000000000000000e+03,1.000000000000000000e+00,3.230500000000001148e-01
1.123000000000000000e+03,1.000000000000000000e+00,3.230500000000001148e-01
1.124000000000000000e+03,1.000000000000000000e+00,3.222500000000000364e-01
1.125000000000000000e+03,1.000000000000000000e+00,3.271000000000000574e-01
1.126000000000000000e+03,1.000000000000000000e+00,3.230500000000001148e-01
1.127000000000000000e+03,1.000000000000000000e+00,3.198500000000000787e-01
1.128000000000000000e+03,1.000000000000000000e+00,3.214500000000001245e-01
1.129000000000000000e+03,1.000000000000000000e+00,3.246750000000000469e-01
1.130000000000000000e+03,1.000000000000000000e+00,3.174250000000000682e-01
1.131000000000000000e+03,1.000000000000000000e+00,3.206499999999999906e-01
1.132000000000000000e+03,1.000000000000000000e+00,3.214500000000001245e-01
1.133000000000000000e+03,1.000000000000000000e+00,3.206499999999999906e-01
1.134000000000000000e+03,1.000000000000000000e+00,3.150000000000000577e-01
1.135000000000000000e+03,1.000000000000000000e+00,3.198500000000000787e-01
1.136000000000000000e+03,1.000000000000000000e+00,3.182250000000001466e-01
1.137000000000000000e+03,1.000000000000000000e+00,3.158000000000001362e-01
1.138000000000000000e+03,1.000000000000000000e+00,3.150000000000000577e-01
1.139000000000000000e+03,1.000000000000000000e+00,3.206499999999999906e-01
1.140000000000000000e+03,1.000000000000000000e+00,3.174250000000000682e-01
1.141000000000000000e+03,1.000000000000000000e+00,3.166250000000001563e-01
1.142000000000000000e+03,1.000000000000000000e+00,3.150000000000000577e-01
1.143000000000000000e+03,1.000000000000000000e+00,3.190250000000000585e-01
1.144000000000000000e+03,1.000000000000000000e+00,3.166250000000001563e-01
1.145000000000000000e+03,1.000000000000000000e+00,3.142000000000001458e-01
1.146000000000000000e+03,1.000000000000000000e+00,3.158000000000001362e-01
1.147000000000000000e+03,1.000000000000000000e+00,3.198500000000000787e-01
1.148000000000000000e+03,1.000000000000000000e+00,3.142000000000001458e-01
1.149000000000000000e+03,1.000000000000000000e+00,3.150000000000000577e-01
1.150000000000000000e+03,1.000000000000000000e+00,3.158000000000001362e-01
1.151000000000000000e+03,1.000000000000000000e+00,3.190250000000000585e-01
1.152000000000000000e+03,1.000000000000000000e+00,3.158000000000001362e-01
1.153000000000000000e+03,1.000000000000000000e+00,3.150000000000000577e-01
1.154000000000000000e+03,1.000000000000000000e+00,3.182250000000001466e-01
1.155000000000000000e+03,1.000000000000000000e+00,3.222500000000000364e-01
1.156000000000000000e+03,1.000000000000000000e+00,3.134000000000000119e-01
1.157000000000000000e+03,1.000000000000000000e+00,3.190250000000000585e-01
1.158000000000000000e+03,1.000000000000000000e+00,3.222500000000000364e-01
1.159000000000000000e+03,1.000000000000000000e+00,3.222500000000000364e-01
1.160000000000000000e+03,1.000000000000000000e+00,3.206499999999999906e-01
1.161000000000000000e+03,1.000000000000000000e+00,3.254750000000001253e-01
1.162000000000000000e+03,1.000000000000000000e+00,3.262750000000000372e-01
1.163000000000000000e+03,1.000000000000000000e+00,3.214500000000001245e-01
1.164000000000000000e+03,1.000000000000000000e+00,3.230500000000001148e-01
1.165000000000000000e+03,1.000000000000000000e+00,3.262750000000000372e-01
1.166000000000000000e+03,1.000000000000000000e+00,3.238750000000001350e-01
1.167000000000000000e+03,1.000000000000000000e+00,3.206499999999999906e-01
1.168000000000000000e+03,1.000000000000000000e+00,3.238750000000001350e-01
1.169000000000000000e+03,1.000000000000000000e+00,3.198500000000000787e-01
1.170000000000000000e+03,1.000000000000000000e+00,3.222500000000000364e-01
1.171000000000000000e+03,1.000000000000000000e+00,3.230500000000001148e-01
1.172000000000000000e+03,1.000000000000000000e+00,3.271000000000000574e-01
1.173000000000000000e+03,1.000000000000000000e+00,3.238750000000001350e-01
1.174000000000000000e+03,1.000000000000000000e+00,3.262750000000000372e-01
1.175000000000000000e+03,1.000000000000000000e+00,3.222500000000000364e-01
1.176000000000000000e+03,1.000000000000000000e+00,3.271000000000000574e-01
1.177000000000000000e+03,1.000000000000000000e+00,3.262750000000000372e-01
1.178000000000000000e+03,1.000000000000000000e+00,3.238750000000001350e-01
1.179000000000000000e+03,1.000000000000000000e+00,3.214500000000001245e-01
1.180000000000000000e+03,1.000000000000000000e+00,3.279000000000001913e-01
1.181000000000000000e+03,1.000000000000000000e+00,3.254750000000001253e-01
1.182000000000000000e+03,1.000000000000000000e+00,3.222500000000000364e-01
1.183000000000000000e+03,1.000000000000000000e+00,3.238750000000001350e-01
1.184000000000000000e+03,1.000000000000000000e+00,3.238750000000001350e-01
1.185000000000000000e+03,1.000000000000000000e+00,3.230500000000001148e-01
1.186000000000000000e+03,1.000000000000000000e+00,3.214500000000001245e-01
1.187000000000000000e+03,1.000000000000000000e+00,3.206499999999999906e-01
1.188000000000000000e+03,1.000000000000000000e+00,3.246750000000000469e-01
1.189000000000000000e+03,1.000000000000000000e+00,3.254750000000001253e-01
1.190000000000000000e+03,1.000000000000000000e+00,3.238750000000001350e-01
1.191000000000000000e+03,1.000000000000000000e+00,3.238750000000001350e-01
1.192000000000000000e+03,1.000000000000000000e+00,3.230500000000001148e-01
1.193000000000000000e+03,1.000000000000000000e+00,3.262750000000000372e-01
1.194000000000000000e+03,1.000000000000000000e+00,3.246750000000000469e-01
1.195000000000000000e+03,1.000000000000000000e+00,3.230500000000001148e-01
1.196000000000000000e+03,1.000000000000000000e+00,3.262750000000000372e-01
1.197000000000000000e+03,1.000000000000000000e+00,3.262750000000000372e-01
1.198000000000000000e+03,1.000000000000000000e+00,3.230500000000001148e-01
