tm,MVm,PVm
0.000000000000000000e+00,0.000000000000000000e+00,0.000000000000000000e+00
1.000000000000000000e+00,1.000000000000000000e+00,0.000000000000000000e+00
2.000000000000000000e+00,1.000000000000000000e+00,-7.999999999999118927e-04
3.000000000000000000e+00,1.000000000000000000e+00,-7.999999999999118927e-04
4.000000000000000000e+00,1.000000000000000000e+00,-7.999999999999118927e-04
5.000000000000000000e+00,1.000000000000000000e+00,-7.999999999999118927e-04
6.000000000000000000e+00,1.000000000000000000e+00,-4.025000000000033759e-03
7.000000000000000000e+00,1.000000000000000000e+00,2.425000000000032598e-03
8.000000000000000000e+00,1.000000000000000000e+00,-1.600000000000001378e-03
9.000000000000000000e+00,1.000000000000000000e+00,-3.224999999999944491e-03
1.000000000000000000e+01,1.000000000000000000e+00,-7.999999999999118927e-04
1.100000000000000000e+01,1.000000000000000000e+00,1.625000000000120706e-03
1.200000000000000000e+01,1.000000000000000000e+00,-4.025000000000033759e-03
1.300000000000000000e+01,1.000000000000000000e+00,4.025000000000033759e-03
1.400000000000000000e+01,1.000000000000000000e+00,4.025000000000033759e-03
1.500000000000000000e+01,1.000000000000000000e+00,-1.600000000000001378e-03
1.600000000000000000e+01,1.000000000000000000e+00,1.625000000000120706e-03
1.700000000000000000e+01,1.000000000000000000e+00,3.225000000000122300e-03
1.800000000000000000e+01,1.000000000000000000e+00,2.425000000000032598e-03
1.900000000000000000e+01,1.000000000000000000e+00,2.425000000000032598e-03
2.000000000000000000e+01,1.000000000000000000e+00,4.025000000000033759e-03
2.100000000000000000e+01,1.000000000000000000e+00,3.225000000000122300e-03
2.200000000000000000e+01,1.000000000000000000e+00,4.850000000000065196e-03
2.300000000000000000e+01,1.000000000000000000e+00,8.875000000000099823e-03
2.400000000000000000e+01,1.000000000000000000e+00,4.025000000000033759e-03
2.500000000000000000e+01,1.000000000000000000e+00,1.127500000000001244e-02
2.600000000000000000e+01,1.000000000000000000e+00,9.675000000000011716e-03
2.700000000000000000e+01,1.000000000000000000e+00,9.675000000000011716e-03
2.800000000000000000e+01,1.000000000000000000e+00,1.290000000000013358e-02
2.900000000000000000e+01,1.000000000000000000e+00,1.772500000000008097e-02
3.000000000000000000e+01,1.000000000000000000e+00,1.692499999999998866e-02
3.100000000000000000e+01,1.000000000000000000e+00,1.290000000000013358e-02
3.200000000000000000e+01,1.000000000000000000e+00,1.935000000000002343e-02
3.300000000000000000e+01,1.000000000000000000e+00,2.015000000000011227e-02
3.400000000000000000e+01,1.000000000000000000e+00,2.015000000000011227e-02
3.500000000000000000e+01,1.000000000000000000e+00,2.257499999999996662e-02
3.600000000000000000e+01,1.000000000000000000e+00,2.015000000000011227e-02
3.700000000000000000e+01,1.000000000000000000e+00,2.337500000000005546e-02
3.800000000000000000e+01,1.000000000000000000e+00,2.740000000000009095e-02
3.900000000000000000e+01,1.000000000000000000e+00,2.900000000000009168e-02
4.000000000000000000e+01,1.000000000000000000e+00,2.900000000000009168e-02
4.100000000000000000e+01,1.000000000000000000e+00,3.062500000000003414e-02
4.200000000000000000e+01,1.000000000000000000e+00,3.305000000000006544e-02
4.300000000000000000e+01,1.000000000000000000e+00,3.222500000000003834e-02
4.400000000000000000e+01,1.000000000000000000e+00,3.142500000000012644e-02
4.500000000000000000e+01,1.000000000000000000e+00,3.625000000000007383e-02
4.600000000000000000e+01,1.000000000000000000e+00,3.787500000000001282e-02
4.700000000000000000e+01,1.000000000000000000e+00,3.465000000000006963e-02
4.800000000000000000e+01,1.000000000000000000e+00,4.190000000000004832e-02
4.900000000000000000e+01,1.000000000000000000e+00,4.270000000000014062e-02
5.000000000000000000e+01,1.000000000000000000e+00,4.110000000000013642e-02
5.100000000000000000e+01,1.000000000000000000e+00,4.835000000000011511e-02
5.200000000000000000e+01,1.000000000000000000e+00,4.432500000000007961e-02
5.300000000000000000e+01,1.000000000000000000e+00,4.672499999999999570e-02
5.400000000000000000e+01,1.000000000000000000e+00,4.995000000000011930e-02
5.500000000000000000e+01,1.000000000000000000e+00,4.672499999999999570e-02
5.600000000000000000e+01,1.000000000000000000e+00,5.077499999999997293e-02
5.700000000000000000e+01,1.000000000000000000e+00,5.640000000000000568e-02
5.800000000000000000e+01,1.000000000000000000e+00,5.237499999999997019e-02
5.900000000000000000e+01,1.000000000000000000e+00,5.077499999999997293e-02
6.000000000000000000e+01,1.000000000000000000e+00,6.204999999999998017e-02
6.100000000000000000e+01,1.000000000000000000e+00,5.802500000000012509e-02
6.200000000000000000e+01,1.000000000000000000e+00,6.125000000000006828e-02
6.300000000000000000e+01,1.000000000000000000e+00,6.607500000000002260e-02
6.400000000000000000e+01,1.000000000000000000e+00,6.445000000000007667e-02
6.500000000000000000e+01,1.000000000000000000e+00,6.364999999999998437e-02
6.600000000000000000e+01,1.000000000000000000e+00,7.089999999999996305e-02
6.700000000000000000e+01,1.000000000000000000e+00,7.010000000000005116e-02
6.800000000000000000e+01,1.000000000000000000e+00,6.687500000000010103e-02
6.900000000000000000e+01,1.000000000000000000e+00,7.089999999999996305e-02
7.000000000000000000e+01,1.000000000000000000e+00,7.412500000000007971e-02
7.100000000000000000e+01,1.000000000000000000e+00,7.252500000000008940e-02
7.200000000000000000e+01,1.000000000000000000e+00,7.575000000000002565e-02
7.300000000000000000e+01,1.000000000000000000e+00,7.977500000000006808e-02
7.400000000000000000e+01,1.000000000000000000e+00,8.057499999999997997e-02
7.500000000000000000e+01,1.000000000000000000e+00,8.460000000000000853e-02
7.600000000000000000e+01,1.000000000000000000e+00,8.702500000000004676e-02
7.700000000000000000e+01,1.000000000000000000e+00,8.460000000000000853e-02
7.800000000000000000e+01,1.000000000000000000e+00,8.942500000000012939e-02
7.900000000000000000e+01,1.000000000000000000e+00,9.587500000000001577e-02
8.000000000000000000e+01,1.000000000000000000e+00,9.667500000000010807e-02
8.100000000000000000e+01,1.000000000000000000e+00,9.265000000000007951e-02
8.200000000000000000e+01,1.000000000000000000e+00,9.587500000000001577e-02
8.300000000000000000e+01,1.000000000000000000e+00,1.031249999999999944e-01
8.400000000000000000e+01,1.000000000000000000e+00,9.990000000000005820e-02
8.500000000000000000e+01,1.000000000000000000e+00,1.023250000000000826e-01
8.600000000000000000e+01,1.000000000000000000e+00,1.071500000000000369e-01
8.700000000000000000e+01,1.000000000000000000e+00,1.103749999999999731e-01
8.800000000000000000e+01,1.000000000000000000e+00,1.112000000000000072e-01
8.900000000000000000e+01,1.000000000000000000e+00,1.087749999999999828e-01
9.000000000000000000e+01,1.000000000000000000e+00,1.079750000000000709e-01
9.100000000000000000e+01,1.000000000000000000e+00,1.112000000000000072e-01
9.200000000000000000e+01,1.000000000000000000e+00,1.128000000000000114e-01
9.300000000000000000e+01,1.000000000000000000e+00,1.160250000000001280e-01
9.400000000000000000e+01,1.000000000000000000e+00,1.144000000000000156e-01
9.500000000000000000e+01,1.000000000000000000e+00,1.152250000000000496e-01
9.600000000000000000e+01,1.000000000000000000e+00,1.184499999999999859e-01
9.700000000000000000e+01,1.000000000000000000e+00,1.200499999999999901e-01
9.800000000000000000e+01,1.000000000000000000e+00,1.184499999999999859e-01
9.900000000000000000e+01,1.000000000000000000e+00,1.192500000000000782e-01
1.000000000000000000e+02,1.000000000000000000e+00,1.168250000000000399e-01
1.010000000000000000e+02,1.000000000000000000e+00,1.224750000000000283e-01
1.020000000000000000e+02,1.000000000000000000e+00,1.248750000000001109e-01
1.030000000000000000e+02,1.000000000000000000e+00,1.265000000000000568e-01
1.040000000000000000e+02,1.000000000000000000e+00,1.232750000000001067e-01
1.050000000000000000e+02,1.000000000000000000e+00,1.240750000000000186e-01
1.060000000000000000e+02,1.000000000000000000e+00,1.256999999999999784e-01
1.070000000000000000e+02,1.000000000000000000e+00,1.313249999999999973e-01
1.080000000000000000e+02,1.000000000000000000e+00,1.313249999999999973e-01
1.090000000000000000e+02,1.000000000000000000e+00,1.313249999999999973e-01
1.100000000000000000e+02,1.000000000000000000e+00,1.329500000000001236e-01
1.110000000000000000e+02,1.000000000000000000e+00,1.345500000000001140e-01
1.120000000000000000e+02,1.000000000000000000e+00,1.393750000000000822e-01
1.130000000000000000e+02,1.000000000000000000e+00,1.402000000000001023e-01
1.140000000000000000e+02,1.000000000000000000e+00,1.402000000000001023e-01
1.150000000000000000e+02,1.000000000000000000e+00,1.393750000000000822e-01
1.160000000000000000e+02,1.000000000000000000e+00,1.434250000000000524e-01
1.170000000000000000e+02,1.000000000000000000e+00,1.442250000000001309e-01
1.180000000000000000e+02,1.000000000000000000e+00,1.482499999999999929e-01
1.190000000000000000e+02,1.000000000000000000e+00,1.474500000000000810e-01
1.200000000000000000e+02,1.000000000000000000e+00,1.482499999999999929e-01
1.210000000000000000e+02,1.000000000000000000e+00,1.514750000000001096e-01
1.220000000000000000e+02,1.000000000000000000e+00,1.547000000000000597e-01
1.230000000000000000e+02,1.000000000000000000e+00,1.514750000000001096e-01
1.240000000000000000e+02,1.000000000000000000e+00,1.522750000000000214e-01
1.250000000000000000e+02,1.000000000000000000e+00,1.563000000000000500e-01
1.260000000000000000e+02,1.000000000000000000e+00,1.587250000000000882e-01
1.270000000000000000e+02,1.000000000000000000e+00,1.611500000000001265e-01
1.280000000000000000e+02,1.000000000000000000e+00,1.595250000000000001e-01
1.290000000000000000e+02,1.000000000000000000e+00,1.570999999999999619e-01
1.300000000000000000e+02,1.000000000000000000e+00,1.595250000000000001e-01
1.310000000000000000e+02,1.000000000000000000e+00,1.635500000000000287e-01
1.320000000000000000e+02,1.000000000000000000e+00,1.643750000000000766e-01
1.330000000000000000e+02,1.000000000000000000e+00,1.675750000000000850e-01
1.340000000000000000e+02,1.000000000000000000e+00,1.667749999999999788e-01
1.350000000000000000e+02,1.000000000000000000e+00,1.643750000000000766e-01
1.360000000000000000e+02,1.000000000000000000e+00,1.651749999999999885e-01
1.370000000000000000e+02,1.000000000000000000e+00,1.700000000000000955e-01
1.380000000000000000e+02,1.000000000000000000e+00,1.748250000000000637e-01
1.390000000000000000e+02,1.000000000000000000e+00,1.748250000000000637e-01
1.400000000000000000e+02,1.000000000000000000e+00,1.732250000000000456e-01
1.410000000000000000e+02,1.000000000000000000e+00,1.724250000000001337e-01
1.420000000000000000e+02,1.000000000000000000e+00,1.732250000000000456e-01
1.430000000000000000e+02,1.000000000000000000e+00,1.772500000000000742e-01
1.440000000000000000e+02,1.000000000000000000e+00,1.829000000000000625e-01
1.450000000000000000e+02,1.000000000000000000e+00,1.788750000000000340e-01
1.460000000000000000e+02,1.000000000000000000e+00,1.812750000000001305e-01
1.470000000000000000e+02,1.000000000000000000e+00,1.836999999999999744e-01
1.480000000000000000e+02,1.000000000000000000e+00,1.852999999999999647e-01
1.490000000000000000e+02,1.000000000000000000e+00,1.829000000000000625e-01
1.500000000000000000e+02,1.000000000000000000e+00,1.845000000000000528e-01
1.510000000000000000e+02,1.000000000000000000e+00,1.901500000000000412e-01
1.520000000000000000e+02,1.000000000000000000e+00,1.949749999999999817e-01
1.530000000000000000e+02,1.000000000000000000e+00,1.957750000000000878e-01
1.540000000000000000e+02,1.000000000000000000e+00,1.966000000000001080e-01
1.550000000000000000e+02,1.000000000000000000e+00,1.974000000000000199e-01
1.560000000000000000e+02,1.000000000000000000e+00,2.038500000000000867e-01
1.570000000000000000e+02,1.000000000000000000e+00,2.014250000000000485e-01
1.580000000000000000e+02,1.000000000000000000e+00,2.022249999999999603e-01
1.590000000000000000e+02,1.000000000000000000e+00,2.070750000000000368e-01
1.600000000000000000e+02,1.000000000000000000e+00,2.111000000000000654e-01
1.610000000000000000e+02,1.000000000000000000e+00,2.118999999999999773e-01
1.620000000000000000e+02,1.000000000000000000e+00,2.118999999999999773e-01
1.630000000000000000e+02,1.000000000000000000e+00,2.127000000000000557e-01
1.640000000000000000e+02,1.000000000000000000e+00,2.191500000000001225e-01
1.650000000000000000e+02,1.000000000000000000e+00,2.159250000000000058e-01
1.660000000000000000e+02,1.000000000000000000e+00,2.183500000000000441e-01
1.670000000000000000e+02,1.000000000000000000e+00,2.215749999999999942e-01
1.680000000000000000e+02,1.000000000000000000e+00,2.223750000000000726e-01
1.690000000000000000e+02,1.000000000000000000e+00,2.183500000000000441e-01
1.700000000000000000e+02,1.000000000000000000e+00,2.231749999999999845e-01
1.710000000000000000e+02,1.000000000000000000e+00,2.215749999999999942e-01
1.720000000000000000e+02,1.000000000000000000e+00,2.199500000000000344e-01
1.730000000000000000e+02,1.000000000000000000e+00,2.207500000000001406e-01
1.740000000000000000e+02,1.000000000000000000e+00,2.272000000000000131e-01
1.750000000000000000e+02,1.000000000000000000e+00,2.248000000000001108e-01
1.760000000000000000e+02,1.000000000000000000e+00,2.264000000000001012e-01
1.770000000000000000e+02,1.000000000000000000e+00,2.264000000000001012e-01
1.780000000000000000e+02,1.000000000000000000e+00,2.304249999999999632e-01
1.790000000000000000e+02,1.000000000000000000e+00,2.280000000000001192e-01
1.800000000000000000e+02,1.000000000000000000e+00,2.272000000000000131e-01
1.810000000000000000e+02,1.000000000000000000e+00,2.231749999999999845e-01
1.820000000000000000e+02,1.000000000000000000e+00,2.256000000000000227e-01
1.830000000000000000e+02,1.000000000000000000e+00,2.336500000000000798e-01
1.840000000000000000e+02,1.000000000000000000e+00,2.304249999999999632e-01
1.850000000000000000e+02,1.000000000000000000e+00,2.296250000000000513e-01
1.860000000000000000e+02,1.000000000000000000e+00,2.296250000000000513e-01
1.870000000000000000e+02,1.000000000000000000e+00,2.312250000000000694e-01
1.880000000000000000e+02,1.000000000000000000e+00,2.320500000000000895e-01
1.890000000000000000e+02,1.000000000000000000e+00,2.288249999999999729e-01
1.900000000000000000e+02,1.000000000000000000e+00,2.288249999999999729e-01
1.910000000000000000e+02,1.000000000000000000e+00,2.320500000000000895e-01
1.920000000000000000e+02,1.000000000000000000e+00,2.328500000000000014e-01
1.930000000000000000e+02,1.000000000000000000e+00,2.280000000000001192e-01
1.940000000000000000e+02,1.000000000000000000e+00,2.288249999999999729e-01
1.950000000000000000e+02,1.000000000000000000e+00,2.296250000000000513e-01
1.960000000000000000e+02,1.000000000000000000e+00,2.344499999999999917e-01
1.970000000000000000e+02,1.000000000000000000e+00,2.312250000000000694e-01
1.980000000000000000e+02,1.000000000000000000e+00,2.280000000000001192e-01
1.990000000000000000e+02,1.000000000000000000e+00,2.312250000000000694e-01
2.000000000000000000e+02,1.000000000000000000e+00,2.344499999999999917e-01
2.010000000000000000e+02,1.000000000000000000e+00,2.320500000000000895e-01
2.020000000000000000e+02,1.000000000000000000e+00,2.336500000000000798e-01
2.030000000000000000e+02,1.000000000000000000e+00,2.328500000000000014e-01
2.040000000000000000e+02,1.000000000000000000e+00,2.376750000000001362e-01
2.050000000000000000e+02,1.000000000000000000e+00,2.376750000000001362e-01
2.060000000000000000e+02,1.000000000000000000e+00,2.352500000000000979e-01
2.070000000000000000e+02,1.000000000000000000e+00,2.368750000000000300e-01
2.080000000000000000e+02,1.000000000000000000e+00,2.360750000000001181e-01
2.090000000000000000e+02,1.000000000000000000e+00,2.409000000000000585e-01
2.100000000000000000e+02,1.000000000000000000e+00,2.393000000000000682e-01
2.110000000000000000e+02,1.000000000000000000e+00,2.352500000000000979e-01
2.120000000000000000e+02,1.000000000000000000e+00,2.416999999999999704e-01
2.130000000000000000e+02,1.000000000000000000e+00,2.400999999999999801e-01
2.140000000000000000e+02,1.000000000000000000e+00,2.449250000000001148e-01
2.150000000000000000e+02,1.000000000000000000e+00,2.433250000000000968e-01
2.160000000000000000e+02,1.000000000000000000e+00,2.425000000000000766e-01
2.170000000000000000e+02,1.000000000000000000e+00,2.489500000000001434e-01
2.180000000000000000e+02,1.000000000000000000e+00,2.473500000000001253e-01
2.190000000000000000e+02,1.000000000000000000e+00,2.433250000000000968e-01
2.200000000000000000e+02,1.000000000000000000e+00,2.449250000000001148e-01
2.210000000000000000e+02,1.000000000000000000e+00,2.457250000000000267e-01
2.220000000000000000e+02,1.000000000000000000e+00,2.505750000000001032e-01
2.230000000000000000e+02,1.000000000000000000e+00,2.473500000000001253e-01
2.240000000000000000e+02,1.000000000000000000e+00,2.505750000000001032e-01
2.250000000000000000e+02,1.000000000000000000e+00,2.473500000000001253e-01
2.260000000000000000e+02,1.000000000000000000e+00,2.521750000000000935e-01
2.270000000000000000e+02,1.000000000000000000e+00,2.521750000000000935e-01
2.280000000000000000e+02,1.000000000000000000e+00,2.513750000000000151e-01
2.290000000000000000e+02,1.000000000000000000e+00,2.513750000000000151e-01
2.300000000000000000e+02,1.000000000000000000e+00,2.562000000000000943e-01
2.310000000000000000e+02,1.000000000000000000e+00,2.546000000000001040e-01
2.320000000000000000e+02,1.000000000000000000e+00,2.538000000000000256e-01
2.330000000000000000e+02,1.000000000000000000e+00,2.529750000000000054e-01
2.340000000000000000e+02,1.000000000000000000e+00,2.562000000000000943e-01
2.350000000000000000e+02,1.000000000000000000e+00,2.578250000000000819e-01
2.360000000000000000e+02,1.000000000000000000e+00,2.538000000000000256e-01
2.370000000000000000e+02,1.000000000000000000e+00,2.529750000000000054e-01
2.380000000000000000e+02,1.000000000000000000e+00,2.562000000000000943e-01
2.390000000000000000e+02,1.000000000000000000e+00,2.586249999999999938e-01
2.400000000000000000e+02,1.000000000000000000e+00,2.594250000000000722e-01
2.410000000000000000e+02,1.000000000000000000e+00,2.570249999999999480e-01
2.420000000000000000e+02,1.000000000000000000e+00,2.586249999999999938e-01
2.430000000000000000e+02,1.000000000000000000e+00,2.618500000000000827e-01
2.440000000000000000e+02,1.000000000000000000e+00,2.602249999999999841e-01
2.450000000000000000e+02,1.000000000000000000e+00,2.586249999999999938e-01
2.460000000000000000e+02,1.000000000000000000e+00,2.634500000000000730e-01
2.470000000000000000e+02,1.000000000000000000e+00,2.634500000000000730e-01
2.480000000000000000e+02,1.000000000000000000e+00,2.650750000000000606e-01
2.490000000000000000e+02,1.000000000000000000e+00,2.594250000000000722e-01
2.500000000000000000e+02,1.000000000000000000e+00,2.626499999999999946e-01
2.510000000000000000e+02,1.000000000000000000e+00,2.650750000000000606e-01
2.520000000000000000e+02,1.000000000000000000e+00,2.634500000000000730e-01
2.530000000000000000e+02,1.000000000000000000e+00,2.610500000000000043e-01
2.540000000000000000e+02,1.000000000000000000e+00,2.618500000000000827e-01
2.550000000000000000e+02,1.000000000000000000e+00,2.642750000000001487e-01
2.560000000000000000e+02,1.000000000000000000e+00,2.682999999999999829e-01
2.570000000000000000e+02,1.000000000000000000e+00,2.634500000000000730e-01
2.580000000000000000e+02,1.000000000000000000e+00,2.666750000000000509e-01
2.590000000000000000e+02,1.000000000000000000e+00,2.666750000000000509e-01
2.600000000000000000e+02,1.000000000000000000e+00,2.707000000000000517e-01
2.610000000000000000e+02,1.000000000000000000e+00,2.658750000000001390e-01
2.620000000000000000e+02,1.000000000000000000e+00,2.650750000000000606e-01
2.630000000000000000e+02,1.000000000000000000e+00,2.682999999999999829e-01
2.640000000000000000e+02,1.000000000000000000e+00,2.715250000000001274e-01
2.650000000000000000e+02,1.000000000000000000e+00,2.698999999999999733e-01
2.660000000000000000e+02,1.000000000000000000e+00,2.691000000000000614e-01
2.670000000000000000e+02,1.000000000000000000e+00,2.698999999999999733e-01
2.680000000000000000e+02,1.000000000000000000e+00,2.723250000000000393e-01
2.690000000000000000e+02,1.000000000000000000e+00,2.755500000000001282e-01
2.700000000000000000e+02,1.000000000000000000e+00,2.707000000000000517e-01
2.710000000000000000e+02,1.000000000000000000e+00,2.739250000000000296e-01
2.720000000000000000e+02,1.000000000000000000e+00,2.779500000000000304e-01
2.730000000000000000e+02,1.000000000000000000e+00,2.811750000000000083e-01
2.740000000000000000e+02,1.000000000000000000e+00,2.787750000000001060e-01
2.750000000000000000e+02,1.000000000000000000e+00,2.763500000000000401e-01
2.760000000000000000e+02,1.000000000000000000e+00,2.803750000000000964e-01
2.770000000000000000e+02,1.000000000000000000e+00,2.860250000000000847e-01
2.780000000000000000e+02,1.000000000000000000e+00,2.884249999999999869e-01
2.790000000000000000e+02,1.000000000000000000e+00,2.876250000000000751e-01
2.800000000000000000e+02,1.000000000000000000e+00,2.844000000000000972e-01
2.810000000000000000e+02,1.000000000000000000e+00,2.924750000000001515e-01
2.820000000000000000e+02,1.000000000000000000e+00,2.924750000000001515e-01
2.830000000000000000e+02,1.000000000000000000e+00,2.916500000000000759e-01
2.840000000000000000e+02,1.000000000000000000e+00,2.884249999999999869e-01
2.850000000000000000e+02,1.000000000000000000e+00,2.900500000000000855e-01
2.860000000000000000e+02,1.000000000000000000e+00,2.900500000000000855e-01
2.870000000000000000e+02,1.000000000000000000e+00,2.924750000000001515e-01
2.880000000000000000e+02,1.000000000000000000e+00,2.868249999999999966e-01
2.890000000000000000e+02,1.000000000000000000e+00,2.844000000000000972e-01
2.900000000000000000e+02,1.000000000000000000e+00,2.860250000000000847e-01
2.910000000000000000e+02,1.000000000000000000e+00,2.916500000000000759e-01
2.920000000000000000e+02,1.000000000000000000e+00,2.860250000000000847e-01
2.930000000000000000e+02,1.000000000000000000e+00,2.852000000000000091e-01
2.940000000000000000e+02,1.000000000000000000e+00,2.836000000000000187e-01
2.950000000000000000e+02,1.000000000000000000e+00,2.876250000000000751e-01
2.960000000000000000e+02,1.000000000000000000e+00,2.884249999999999869e-01
2.970000000000000000e+02,1.000000000000000000e+00,2.900500000000000855e-01
2.980000000000000000e+02,1.000000000000000000e+00,2.844000000000000972e-01
2.990000000000000000e+02,1.000000000000000000e+00,2.852000000000000091e-01
3.000000000000000000e+02,1.000000000000000000e+00,2.892500000000000071e-01
3.010000000000000000e+02,1.000000000000000000e+00,2.884249999999999869e-01
3.020000000000000000e+02,1.000000000000000000e+00,2.876250000000000751e-01
3.030000000000000000e+02,1.000000000000000000e+00,2.844000000000000972e-01
3.040000000000000000e+02,1.000000000000000000e+00,2.852000000000000091e-01
3.050000000000000000e+02,1.000000000000000000e+00,2.892500000000000071e-01
3.060000000000000000e+02,1.000000000000000000e+00,2.876250000000000751e-01
3.070000000000000000e+02,1.000000000000000000e+00,2.876250000000000751e-01
3.080000000000000000e+02,1.000000000000000000e+00,2.860250000000000847e-01
3.090000000000000000e+02,1.000000000000000000e+00,2.932750000000000634e-01
3.100000000000000000e+02,1.000000000000000000e+00,2.932750000000000634e-01
3.110000000000000000e+02,1.000000000000000000e+00,2.908499999999999974e-01
3.120000000000000000e+02,1.000000000000000000e+00,2.932750000000000634e-01
3.130000000000000000e+02,1.000000000000000000e+00,2.973000000000000642e-01
3.140000000000000000e+02,1.000000000000000000e+00,2.948750000000000537e-01
3.150000000000000000e+02,1.000000000000000000e+00,2.940750000000001418e-01
3.160000000000000000e+02,1.000000000000000000e+00,2.924750000000001515e-01
3.170000000000000000e+02,1.000000000000000000e+00,2.964999999999999858e-01
3.180000000000000000e+02,1.000000000000000000e+00,2.973000000000000642e-01
3.190000000000000000e+02,1.000000000000000000e+00,3.013250000000001205e-01
3.200000000000000000e+02,1.000000000000000000e+00,2.997250000000001302e-01
3.210000000000000000e+02,1.000000000000000000e+00,2.997250000000001302e-01
3.220000000000000000e+02,1.000000000000000000e+00,3.005250000000000421e-01
3.230000000000000000e+02,1.000000000000000000e+00,3.029250000000001108e-01
3.240000000000000000e+02,1.000000000000000000e+00,2.980999999999999761e-01
3.250000000000000000e+02,1.000000000000000000e+00,3.005250000000000421e-01
3.260000000000000000e+02,1.000000000000000000e+00,3.013250000000001205e-01
3.270000000000000000e+02,1.000000000000000000e+00,3.053499999999999548e-01
3.280000000000000000e+02,1.000000000000000000e+00,3.021250000000000324e-01
3.290000000000000000e+02,1.000000000000000000e+00,2.997250000000001302e-01
3.300000000000000000e+02,1.000000000000000000e+00,3.045500000000000429e-01
3.310000000000000000e+02,1.000000000000000000e+00,3.029250000000001108e-01
3.320000000000000000e+02,1.000000000000000000e+00,3.037499999999999645e-01
3.330000000000000000e+02,1.000000000000000000e+00,2.997250000000001302e-01
3.340000000000000000e+02,1.000000000000000000e+00,2.997250000000001302e-01
3.350000000000000000e+02,1.000000000000000000e+00,3.037499999999999645e-01
3.360000000000000000e+02,1.000000000000000000e+00,2.997250000000001302e-01
3.370000000000000000e+02,1.000000000000000000e+00,2.997250000000001302e-01
3.380000000000000000e+02,1.000000000000000000e+00,2.997250000000001302e-01
3.390000000000000000e+02,1.000000000000000000e+00,3.021250000000000324e-01
3.400000000000000000e+02,1.000000000000000000e+00,3.021250000000000324e-01
3.410000000000000000e+02,1.000000000000000000e+00,2.997250000000001302e-01
3.420000000000000000e+02,1.000000000000000000e+00,3.013250000000001205e-01
3.430000000000000000e+02,1.000000000000000000e+00,3.102000000000000313e-01
3.440000000000000000e+02,1.000000000000000000e+00,3.118000000000000216e-01
3.450000000000000000e+02,1.000000000000000000e+00,3.126000000000001000e-01
3.460000000000000000e+02,1.000000000000000000e+00,3.150249999999999995e-01
3.470000000000000000e+02,1.000000000000000000e+00,3.158250000000000779e-01
3.480000000000000000e+02,1.000000000000000000e+00,3.142250000000000876e-01
3.490000000000000000e+02,1.000000000000000000e+00,3.110000000000001097e-01
3.500000000000000000e+02,1.000000000000000000e+00,3.077750000000000208e-01
3.510000000000000000e+02,1.000000000000000000e+00,3.102000000000000313e-01
3.520000000000000000e+02,1.000000000000000000e+00,3.061500000000000332e-01
3.530000000000000000e+02,1.000000000000000000e+00,3.061500000000000332e-01
3.540000000000000000e+02,1.000000000000000000e+00,3.045500000000000429e-01
3.550000000000000000e+02,1.000000000000000000e+00,3.053499999999999548e-01
3.560000000000000000e+02,1.000000000000000000e+00,3.061500000000000332e-01
3.570000000000000000e+02,1.000000000000000000e+00,3.102000000000000313e-01
3.580000000000000000e+02,1.000000000000000000e+00,3.053499999999999548e-01
3.590000000000000000e+02,1.000000000000000000e+00,3.029250000000001108e-01
3.600000000000000000e+02,1.000000000000000000e+00,3.053499999999999548e-01
3.610000000000000000e+02,1.000000000000000000e+00,3.085750000000000992e-01
3.620000000000000000e+02,1.000000000000000000e+00,3.037499999999999645e-01
3.630000000000000000e+02,1.000000000000000000e+00,3.061500000000000332e-01
3.640000000000000000e+02,1.000000000000000000e+00,3.029250000000001108e-01
3.650000000000000000e+02,1.000000000000000000e+00,3.093750000000000111e-01
3.660000000000000000e+02,1.000000000000000000e+00,3.069750000000001089e-01
3.670000000000000000e+02,1.000000000000000000e+00,3.045500000000000429e-01
3.680000000000000000e+02,1.000000000000000000e+00,3.045500000000000429e-01
3.690000000000000000e+02,1.000000000000000000e+00,3.069750000000001089e-01
3.700000000000000000e+02,1.000000000000000000e+00,3.093750000000000111e-01
3.710000000000000000e+02,1.000000000000000000e+00,3.093750000000000111e-01
3.720000000000000000e+02,1.000000000000000000e+00,3.021250000000000324e-01
3.730000000000000000e+02,1.000000000000000000e+00,3.085750000000000992e-01
3.740000000000000000e+02,1.000000000000000000e+00,3.077750000000000208e-01
3.750000000000000000e+02,1.000000000000000000e+00,3.077750000000000208e-01
3.760000000000000000e+02,1.000000000000000000e+00,3.077750000000000208e-01
3.770000000000000000e+02,1.000000000000000000e+00,3.077750000000000208e-01
3.780000000000000000e+02,1.000000000000000000e+00,3.102000000000000313e-01
3.790000000000000000e+02,1.000000000000000000e+00,3.118000000000000216e-01
3.800000000000000000e+02,1.000000000000000000e+00,3.134000000000000119e-01
3.810000000000000000e+02,1.000000000000000000e+00,3.118000000000000216e-01
3.820000000000000000e+02,1.000000000000000000e+00,3.093750000000000111e-01
3.830000000000000000e+02,1.000000000000000000e+00,3.102000000000000313e-01
3.840000000000000000e+02,1.000000000000000000e+00,3.126000000000001000e-01
3.850000000000000000e+02,1.000000000000000000e+00,3.126000000000001000e-01
3.860000000000000000e+02,1.000000000000000000e+00,3.093750000000000111e-01
3.870000000000000000e+02,1.000000000000000000e+00,3.158250000000000779e-01
3.880000000000000000e+02,1.000000000000000000e+00,3.142250000000000876e-01
3.890000000000000000e+02,1.000000000000000000e+00,3.166249999999999898e-01
3.900000000000000000e+02,1.000000000000000000e+00,3.126000000000001000e-01
3.910000000000000000e+02,1.000000000000000000e+00,3.118000000000000216e-01
3.920000000000000000e+02,1.000000000000000000e+00,3.150249999999999995e-01
3.930000000000000000e+02,1.000000000000000000e+00,3.206499999999999906e-01
3.940000000000000000e+02,1.000000000000000000e+00,3.158250000000000779e-01
3.950000000000000000e+02,1.000000000000000000e+00,3.190500000000000003e-01
3.960000000000000000e+02,1.000000000000000000e+00,3.206499999999999906e-01
3.970000000000000000e+02,1.000000000000000000e+00,3.198500000000000787e-01
3.980000000000000000e+02,1.000000000000000000e+00,3.174500000000000099e-01
3.990000000000000000e+02,1.000000000000000000e+00,3.150249999999999995e-01
4.000000000000000000e+02,1.000000000000000000e+00,3.198500000000000787e-01
4.010000000000000000e+02,1.000000000000000000e+00,3.206499999999999906e-01
4.020000000000000000e+02,1.000000000000000000e+00,3.198500000000000787e-01
4.030000000000000000e+02,1.000000000000000000e+00,3.174500000000000099e-01
4.040000000000000000e+02,1.000000000000000000e+00,3.166249999999999898e-01
4.050000000000000000e+02,1.000000000000000000e+00,3.198500000000000787e-01
4.060000000000000000e+02,1.000000000000000000e+00,3.206499999999999906e-01
4.070000000000000000e+02,1.000000000000000000e+00,3.198500000000000787e-01
4.080000000000000000e+02,1.000000000000000000e+00,3.166249999999999898e-01
4.090000000000000000e+02,1.000000000000000000e+00,3.182500000000000884e-01
4.100000000000000000e+02,1.000000000000000000e+00,3.230750000000000566e-01
4.110000000000000000e+02,1.000000000000000000e+00,3.214750000000000663e-01
4.120000000000000000e+02,1.000000000000000000e+00,3.238750000000001350e-01
4.130000000000000000e+02,1.000000000000000000e+00,3.222750000000001447e-01
4.140000000000000000e+02,1.000000000000000000e+00,3.262999999999999790e-01
4.150000000000000000e+02,1.000000000000000000e+00,3.271000000000000574e-01
4.160000000000000000e+02,1.000000000000000000e+00,3.295250000000001234e-01
4.170000000000000000e+02,1.000000000000000000e+00,3.238750000000001350e-01
4.180000000000000000e+02,1.000000000000000000e+00,3.246999999999999886e-01
4.190000000000000000e+02,1.000000000000000000e+00,3.255000000000000671e-01
4.200000000000000000e+02,1.000000000000000000e+00,3.287250000000000449e-01
4.210000000000000000e+02,1.000000000000000000e+00,3.279250000000001330e-01
4.220000000000000000e+02,1.000000000000000000e+00,3.238750000000001350e-01
4.230000000000000000e+02,1.000000000000000000e+00,3.262999999999999790e-01
4.240000000000000000e+02,1.000000000000000000e+00,3.319499999999999673e-01
4.250000000000000000e+02,1.000000000000000000e+00,3.262999999999999790e-01
4.260000000000000000e+02,1.000000000000000000e+00,3.279250000000001330e-01
4.270000000000000000e+02,1.000000000000000000e+00,3.238750000000001350e-01
4.280000000000000000e+02,1.000000000000000000e+00,3.295250000000001234e-01
4.290000000000000000e+02,1.000000000000000000e+00,3.287250000000000449e-01
4.300000000000000000e+02,1.000000000000000000e+00,3.319499999999999673e-01
4.310000000000000000e+02,1.000000000000000000e+00,3.279250000000001330e-01
4.320000000000000000e+02,1.000000000000000000e+00,3.303250000000000353e-01
4.330000000000000000e+02,1.000000000000000000e+00,3.319499999999999673e-01
4.340000000000000000e+02,1.000000000000000000e+00,3.367750000000001021e-01
4.350000000000000000e+02,1.000000000000000000e+00,3.343500000000000361e-01
4.360000000000000000e+02,1.000000000000000000e+00,3.335499999999999576e-01
4.370000000000000000e+02,1.000000000000000000e+00,3.327500000000000457e-01
4.380000000000000000e+02,1.000000000000000000e+00,3.343500000000000361e-01
4.390000000000000000e+02,1.000000000000000000e+00,3.359750000000000236e-01
4.400000000000000000e+02,1.000000000000000000e+00,3.359750000000000236e-01
4.410000000000000000e+02,1.000000000000000000e+00,3.319499999999999673e-01
4.420000000000000000e+02,1.000000000000000000e+00,3.343500000000000361e-01
4.430000000000000000e+02,1.000000000000000000e+00,3.343500000000000361e-01
4.440000000000000000e+02,1.000000000000000000e+00,3.392000000000001125e-01
4.450000000000000000e+02,1.000000000000000000e+00,3.343500000000000361e-01
4.460000000000000000e+02,1.000000000000000000e+00,3.327500000000000457e-01
4.470000000000000000e+02,1.000000000000000000e+00,3.327500000000000457e-01
4.480000000000000000e+02,1.000000000000000000e+00,3.392000000000001125e-01
4.490000000000000000e+02,1.000000000000000000e+00,3.359750000000000236e-01
4.500000000000000000e+02,1.000000000000000000e+00,3.351750000000001117e-01
4.510000000000000000e+02,1.000000000000000000e+00,3.327500000000000457e-01
4.520000000000000000e+02,1.000000000000000000e+00,3.343500000000000361e-01
4.530000000000000000e+02,1.000000000000000000e+00,3.367750000000001021e-01
4.540000000000000000e+02,1.000000000000000000e+00,3.392000000000001125e-01
4.550000000000000000e+02,1.000000000000000000e+00,3.351750000000001117e-01
4.560000000000000000e+02,1.000000000000000000e+00,3.319499999999999673e-01
4.570000000000000000e+02,1.000000000000000000e+00,3.343500000000000361e-01
4.580000000000000000e+02,1.000000000000000000e+00,3.367750000000001021e-01
4.590000000000000000e+02,1.000000000000000000e+00,3.375750000000000139e-01
4.600000000000000000e+02,1.000000000000000000e+00,3.351750000000001117e-01
4.610000000000000000e+02,1.000000000000000000e+00,3.335499999999999576e-01
4.620000000000000000e+02,1.000000000000000000e+00,3.343500000000000361e-01
4.630000000000000000e+02,1.000000000000000000e+00,3.359750000000000236e-01
4.640000000000000000e+02,1.000000000000000000e+00,3.408000000000001029e-01
4.650000000000000000e+02,1.000000000000000000e+00,3.335499999999999576e-01
4.660000000000000000e+02,1.000000000000000000e+00,3.351750000000001117e-01
4.670000000000000000e+02,1.000000000000000000e+00,3.367750000000001021e-01
4.680000000000000000e+02,1.000000000000000000e+00,3.408000000000001029e-01
4.690000000000000000e+02,1.000000000000000000e+00,3.383750000000000924e-01
4.700000000000000000e+02,1.000000000000000000e+00,3.400000000000000244e-01
4.710000000000000000e+02,1.000000000000000000e+00,3.432250000000000023e-01
4.720000000000000000e+02,1.000000000000000000e+00,3.480500000000000815e-01
4.730000000000000000e+02,1.000000000000000000e+00,3.432250000000000023e-01
4.740000000000000000e+02,1.000000000000000000e+00,3.448249999999999926e-01
4.750000000000000000e+02,1.000000000000000000e+00,3.464500000000000912e-01
4.760000000000000000e+02,1.000000000000000000e+00,3.488499999999999934e-01
4.770000000000000000e+02,1.000000000000000000e+00,3.448249999999999926e-01
4.780000000000000000e+02,1.000000000000000000e+00,3.432250000000000023e-01
4.790000000000000000e+02,1.000000000000000000e+00,3.440250000000000807e-01
4.800000000000000000e+02,1.000000000000000000e+00,3.488499999999999934e-01
4.810000000000000000e+02,1.000000000000000000e+00,3.440250000000000807e-01
4.820000000000000000e+02,1.000000000000000000e+00,3.432250000000000023e-01
4.830000000000000000e+02,1.000000000000000000e+00,3.408000000000001029e-01
4.840000000000000000e+02,1.000000000000000000e+00,3.424250000000000904e-01
4.850000000000000000e+02,1.000000000000000000e+00,3.440250000000000807e-01
4.860000000000000000e+02,1.000000000000000000e+00,3.440250000000000807e-01
4.870000000000000000e+02,1.000000000000000000e+00,3.400000000000000244e-01
4.880000000000000000e+02,1.000000000000000000e+00,3.408000000000001029e-01
4.890000000000000000e+02,1.000000000000000000e+00,3.408000000000001029e-01
4.900000000000000000e+02,1.000000000000000000e+00,3.448249999999999926e-01
4.910000000000000000e+02,1.000000000000000000e+00,3.416000000000000147e-01
4.920000000000000000e+02,1.000000000000000000e+00,3.424250000000000904e-01
4.930000000000000000e+02,1.000000000000000000e+00,3.408000000000001029e-01
4.940000000000000000e+02,1.000000000000000000e+00,3.416000000000000147e-01
4.950000000000000000e+02,1.000000000000000000e+00,3.456250000000000711e-01
4.960000000000000000e+02,1.000000000000000000e+00,3.440250000000000807e-01
4.970000000000000000e+02,1.000000000000000000e+00,3.400000000000000244e-01
4.980000000000000000e+02,1.000000000000000000e+00,3.432250000000000023e-01
4.990000000000000000e+02,1.000000000000000000e+00,3.440250000000000807e-01
5.000000000000000000e+02,1.000000000000000000e+00,3.472500000000000031e-01
5.010000000000000000e+02,1.000000000000000000e+00,3.416000000000000147e-01
5.020000000000000000e+02,1.000000000000000000e+00,3.424250000000000904e-01
5.030000000000000000e+02,1.000000000000000000e+00,3.424250000000000904e-01
5.040000000000000000e+02,1.000000000000000000e+00,3.464500000000000912e-01
5.050000000000000000e+02,1.000000000000000000e+00,3.440250000000000807e-01
5.060000000000000000e+02,1.000000000000000000e+00,3.400000000000000244e-01
5.070000000000000000e+02,1.000000000000000000e+00,3.408000000000001029e-01
5.080000000000000000e+02,1.000000000000000000e+00,3.456250000000000711e-01
5.090000000000000000e+02,1.000000000000000000e+00,3.488499999999999934e-01
5.100000000000000000e+02,1.000000000000000000e+00,3.472500000000000031e-01
5.110000000000000000e+02,1.000000000000000000e+00,3.432250000000000023e-01
5.120000000000000000e+02,1.000000000000000000e+00,3.456250000000000711e-01
5.130000000000000000e+02,1.000000000000000000e+00,3.440250000000000807e-01
5.140000000000000000e+02,1.000000000000000000e+00,3.448249999999999926e-01
5.150000000000000000e+02,1.000000000000000000e+00,3.424250000000000904e-01
5.160000000000000000e+02,1.000000000000000000e+00,3.400000000000000244e-01
5.170000000000000000e+02,1.000000000000000000e+00,3.408000000000001029e-01
5.180000000000000000e+02,1.000000000000000000e+00,3.416000000000000147e-01
5.190000000000000000e+02,1.000000000000000000e+00,3.416000000000000147e-01
5.200000000000000000e+02,1.000000000000000000e+00,3.440250000000000807e-01
5.210000000000000000e+02,1.000000000000000000e+00,3.432250000000000023e-01
5.220000000000000000e+02,1.000000000000000000e+00,3.400000000000000244e-01
5.230000000000000000e+02,1.000000000000000000e+00,3.408000000000001029e-01
5.240000000000000000e+02,1.000000000000000000e+00,3.416000000000000147e-01
5.250000000000000000e+02,1.000000000000000000e+00,3.448249999999999926e-01
5.260000000000000000e+02,1.000000000000000000e+00,3.440250000000000807e-01
5.270000000000000000e+02,1.000000000000000000e+00,3.416000000000000147e-01
5.280000000000000000e+02,1.000000000000000000e+00,3.408000000000001029e-01
5.290000000000000000e+02,1.000000000000000000e+00,3.416000000000000147e-01
5.300000000000000000e+02,1.000000000000000000e+00,3.440250000000000807e-01
5.310000000000000000e+02,1.000000000000000000e+00,3.456250000000000711e-01
5.320000000000000000e+02,1.000000000000000000e+00,3.432250000000000023e-01
5.330000000000000000e+02,1.000000000000000000e+00,3.408000000000001029e-01
5.340000000000000000e+02,1.000000000000000000e+00,3.408000000000001029e-01
5.350000000000000000e+02,1.000000000000000000e+00,3.424250000000000904e-01
5.360000000000000000e+02,1.000000000000000000e+00,3.464500000000000912e-01
5.370000000000000000e+02,1.000000000000000000e+00,3.504750000000001475e-01
5.380000000000000000e+02,1.000000000000000000e+00,3.488499999999999934e-01
5.390000000000000000e+02,1.000000000000000000e+00,3.480500000000000815e-01
5.400000000000000000e+02,1.000000000000000000e+00,3.488499999999999934e-01
5.410000000000000000e+02,1.000000000000000000e+00,3.520750000000001378e-01
5.420000000000000000e+02,1.000000000000000000e+00,3.512750000000000594e-01
5.430000000000000000e+02,1.000000000000000000e+00,3.472500000000000031e-01
5.440000000000000000e+02,1.000000000000000000e+00,3.504750000000001475e-01
5.450000000000000000e+02,1.000000000000000000e+00,3.528999999999999915e-01
5.460000000000000000e+02,1.000000000000000000e+00,3.520750000000001378e-01
5.470000000000000000e+02,1.000000000000000000e+00,3.512750000000000594e-01
5.480000000000000000e+02,1.000000000000000000e+00,3.480500000000000815e-01
5.490000000000000000e+02,1.000000000000000000e+00,3.504750000000001475e-01
5.500000000000000000e+02,1.000000000000000000e+00,3.496750000000000691e-01
5.510000000000000000e+02,1.000000000000000000e+00,3.512750000000000594e-01
5.520000000000000000e+02,1.000000000000000000e+00,3.496750000000000691e-01
5.530000000000000000e+02,1.000000000000000000e+00,3.488499999999999934e-01
5.540000000000000000e+02,1.000000000000000000e+00,3.480500000000000815e-01
5.550000000000000000e+02,1.000000000000000000e+00,3.512750000000000594e-01
5.560000000000000000e+02,1.000000000000000000e+00,3.512750000000000594e-01
5.570000000000000000e+02,1.000000000000000000e+00,3.560999999999999721e-01
5.580000000000000000e+02,1.000000000000000000e+00,3.488499999999999934e-01
5.590000000000000000e+02,1.000000000000000000e+00,3.496750000000000691e-01
5.600000000000000000e+02,1.000000000000000000e+00,3.512750000000000594e-01
5.610000000000000000e+02,1.000000000000000000e+00,3.528999999999999915e-01
5.620000000000000000e+02,1.000000000000000000e+00,3.512750000000000594e-01
5.630000000000000000e+02,1.000000000000000000e+00,3.488499999999999934e-01
5.640000000000000000e+02,1.000000000000000000e+00,3.480500000000000815e-01
5.650000000000000000e+02,1.000000000000000000e+00,3.480500000000000815e-01
5.660000000000000000e+02,1.000000000000000000e+00,3.544999999999999818e-01
5.670000000000000000e+02,1.000000000000000000e+00,3.512750000000000594e-01
5.680000000000000000e+02,1.000000000000000000e+00,3.512750000000000594e-01
5.690000000000000000e+02,1.000000000000000000e+00,3.480500000000000815e-01
5.700000000000000000e+02,1.000000000000000000e+00,3.504750000000001475e-01
5.710000000000000000e+02,1.000000000000000000e+00,3.544999999999999818e-01
5.720000000000000000e+02,1.000000000000000000e+00,3.544999999999999818e-01
5.730000000000000000e+02,1.000000000000000000e+00,3.528999999999999915e-01
5.740000000000000000e+02,1.000000000000000000e+00,3.496750000000000691e-01
5.750000000000000000e+02,1.000000000000000000e+00,3.504750000000001475e-01
5.760000000000000000e+02,1.000000000000000000e+00,3.520750000000001378e-01
5.770000000000000000e+02,1.000000000000000000e+00,3.553000000000000602e-01
5.780000000000000000e+02,1.000000000000000000e+00,3.520750000000001378e-01
5.790000000000000000e+02,1.000000000000000000e+00,3.512750000000000594e-01
5.800000000000000000e+02,1.000000000000000000e+00,3.520750000000001378e-01
5.810000000000000000e+02,1.000000000000000000e+00,3.560999999999999721e-01
5.820000000000000000e+02,1.000000000000000000e+00,3.569250000000000478e-01
5.830000000000000000e+02,1.000000000000000000e+00,3.553000000000000602e-01
5.840000000000000000e+02,1.000000000000000000e+00,3.537000000000000699e-01
5.850000000000000000e+02,1.000000000000000000e+00,3.544999999999999818e-01
5.860000000000000000e+02,1.000000000000000000e+00,3.560999999999999721e-01
5.870000000000000000e+02,1.000000000000000000e+00,3.585250000000000381e-01
5.880000000000000000e+02,1.000000000000000000e+00,3.560999999999999721e-01
5.890000000000000000e+02,1.000000000000000000e+00,3.553000000000000602e-01
5.900000000000000000e+02,1.000000000000000000e+00,3.553000000000000602e-01
5.910000000000000000e+02,1.000000000000000000e+00,3.577250000000001262e-01
5.920000000000000000e+02,1.000000000000000000e+00,3.593250000000001165e-01
5.930000000000000000e+02,1.000000000000000000e+00,3.593250000000001165e-01
5.940000000000000000e+02,1.000000000000000000e+00,3.585250000000000381e-01
5.950000000000000000e+02,1.000000000000000000e+00,3.577250000000001262e-01
5.960000000000000000e+02,1.000000000000000000e+00,3.585250000000000381e-01
5.970000000000000000e+02,1.000000000000000000e+00,3.609500000000000486e-01
5.980000000000000000e+02,1.000000000000000000e+00,3.609500000000000486e-01
5.990000000000000000e+02,1.000000000000000000e+00,3.593250000000001165e-01
6.000000000000000000e+02,1.000000000000000000e+00,3.577250000000001262e-01
6.010000000000000000e+02,1.000000000000000000e+00,3.585250000000000381e-01
6.020000000000000000e+02,1.000000000000000000e+00,3.617499999999999605e-01
6.030000000000000000e+02,1.000000000000000000e+00,3.601499999999999702e-01
6.040000000000000000e+02,1.000000000000000000e+00,3.601499999999999702e-01
6.050000000000000000e+02,1.000000000000000000e+00,3.553000000000000602e-01
6.060000000000000000e+02,1.000000000000000000e+00,3.593250000000001165e-01
6.070000000000000000e+02,1.000000000000000000e+00,3.601499999999999702e-01
6.080000000000000000e+02,1.000000000000000000e+00,3.625500000000000389e-01
6.090000000000000000e+02,1.000000000000000000e+00,3.625500000000000389e-01
6.100000000000000000e+02,1.000000000000000000e+00,3.601499999999999702e-01
6.110000000000000000e+02,1.000000000000000000e+00,3.569250000000000478e-01
6.120000000000000000e+02,1.000000000000000000e+00,3.577250000000001262e-01
6.130000000000000000e+02,1.000000000000000000e+00,3.625500000000000389e-01
6.140000000000000000e+02,1.000000000000000000e+00,3.577250000000001262e-01
6.150000000000000000e+02,1.000000000000000000e+00,3.577250000000001262e-01
6.160000000000000000e+02,1.000000000000000000e+00,3.560999999999999721e-01
6.170000000000000000e+02,1.000000000000000000e+00,3.609500000000000486e-01
6.180000000000000000e+02,1.000000000000000000e+00,3.560999999999999721e-01
6.190000000000000000e+02,1.000000000000000000e+00,3.577250000000001262e-01
6.200000000000000000e+02,1.000000000000000000e+00,3.528999999999999915e-01
6.210000000000000000e+02,1.000000000000000000e+00,3.528999999999999915e-01
6.220000000000000000e+02,1.000000000000000000e+00,3.544999999999999818e-01
6.230000000000000000e+02,1.000000000000000000e+00,3.601499999999999702e-01
6.240000000000000000e+02,1.000000000000000000e+00,3.553000000000000602e-01
6.250000000000000000e+02,1.000000000000000000e+00,3.577250000000001262e-01
6.260000000000000000e+02,1.000000000000000000e+00,3.560999999999999721e-01
6.270000000000000000e+02,1.000000000000000000e+00,3.577250000000001262e-01
6.280000000000000000e+02,1.000000000000000000e+00,3.585250000000000381e-01
6.290000000000000000e+02,1.000000000000000000e+00,3.585250000000000381e-01
6.300000000000000000e+02,1.000000000000000000e+00,3.601499999999999702e-01
6.310000000000000000e+02,1.000000000000000000e+00,3.569250000000000478e-01
6.320000000000000000e+02,1.000000000000000000e+00,3.569250000000000478e-01
6.330000000000000000e+02,1.000000000000000000e+00,3.577250000000001262e-01
6.340000000000000000e+02,1.000000000000000000e+00,3.593250000000001165e-01
6.350000000000000000e+02,1.000000000000000000e+00,3.625500000000000389e-01
6.360000000000000000e+02,1.000000000000000000e+00,3.593250000000001165e-01
6.370000000000000000e+02,1.000000000000000000e+00,3.617499999999999605e-01
6.380000000000000000e+02,1.000000000000000000e+00,3.609500000000000486e-01
6.390000000000000000e+02,1.000000000000000000e+00,3.649750000000001049e-01
6.400000000000000000e+02,1.000000000000000000e+00,3.633499999999999508e-01
6.410000000000000000e+02,1.000000000000000000e+00,3.657750000000000168e-01
6.420000000000000000e+02,1.000000000000000000e+00,3.625500000000000389e-01
6.430000000000000000e+02,1.000000000000000000e+00,3.609500000000000486e-01
6.440000000000000000e+02,1.000000000000000000e+00,3.601499999999999702e-01
6.450000000000000000e+02,1.000000000000000000e+00,3.641750000000000265e-01
6.460000000000000000e+02,1.000000000000000000e+00,3.641750000000000265e-01
6.470000000000000000e+02,1.000000000000000000e+00,3.674000000000001154e-01
6.480000000000000000e+02,1.000000000000000000e+00,3.674000000000001154e-01
6.490000000000000000e+02,1.000000000000000000e+00,3.649750000000001049e-01
6.500000000000000000e+02,1.000000000000000000e+00,3.649750000000001049e-01
6.510000000000000000e+02,1.000000000000000000e+00,3.649750000000001049e-01
6.520000000000000000e+02,1.000000000000000000e+00,3.674000000000001154e-01
6.530000000000000000e+02,1.000000000000000000e+00,3.690000000000001057e-01
6.540000000000000000e+02,1.000000000000000000e+00,3.690000000000001057e-01
6.550000000000000000e+02,1.000000000000000000e+00,3.674000000000001154e-01
6.560000000000000000e+02,1.000000000000000000e+00,3.665750000000000952e-01
6.570000000000000000e+02,1.000000000000000000e+00,3.665750000000000952e-01
6.580000000000000000e+02,1.000000000000000000e+00,3.690000000000001057e-01
6.590000000000000000e+02,1.000000000000000000e+00,3.698000000000000176e-01
6.600000000000000000e+02,1.000000000000000000e+00,3.698000000000000176e-01
6.610000000000000000e+02,1.000000000000000000e+00,3.665750000000000952e-01
6.620000000000000000e+02,1.000000000000000000e+00,3.665750000000000952e-01
6.630000000000000000e+02,1.000000000000000000e+00,3.649750000000001049e-01
6.640000000000000000e+02,1.000000000000000000e+00,3.690000000000001057e-01
6.650000000000000000e+02,1.000000000000000000e+00,3.682000000000000273e-01
6.660000000000000000e+02,1.000000000000000000e+00,3.690000000000001057e-01
6.670000000000000000e+02,1.000000000000000000e+00,3.674000000000001154e-01
6.680000000000000000e+02,1.000000000000000000e+00,3.657750000000000168e-01
6.690000000000000000e+02,1.000000000000000000e+00,3.674000000000001154e-01
6.700000000000000000e+02,1.000000000000000000e+00,3.674000000000001154e-01
6.710000000000000000e+02,1.000000000000000000e+00,3.698000000000000176e-01
6.720000000000000000e+02,1.000000000000000000e+00,3.674000000000001154e-01
6.730000000000000000e+02,1.000000000000000000e+00,3.665750000000000952e-01
6.740000000000000000e+02,1.000000000000000000e+00,3.649750000000001049e-01
6.750000000000000000e+02,1.000000000000000000e+00,3.682000000000000273e-01
6.760000000000000000e+02,1.000000000000000000e+00,3.690000000000001057e-01
6.770000000000000000e+02,1.000000000000000000e+00,3.730249999999999955e-01
6.780000000000000000e+02,1.000000000000000000e+00,3.714250000000000052e-01
6.790000000000000000e+02,1.000000000000000000e+00,3.730249999999999955e-01
6.800000000000000000e+02,1.000000000000000000e+00,3.730249999999999955e-01
6.810000000000000000e+02,1.000000000000000000e+00,3.722250000000000836e-01
6.820000000000000000e+02,1.000000000000000000e+00,3.698000000000000176e-01
6.830000000000000000e+02,1.000000000000000000e+00,3.706250000000000933e-01
6.840000000000000000e+02,1.000000000000000000e+00,3.746500000000000941e-01
6.850000000000000000e+02,1.000000000000000000e+00,3.730249999999999955e-01
6.860000000000000000e+02,1.000000000000000000e+00,3.714250000000000052e-01
6.870000000000000000e+02,1.000000000000000000e+00,3.714250000000000052e-01
6.880000000000000000e+02,1.000000000000000000e+00,3.738250000000000739e-01
6.890000000000000000e+02,1.000000000000000000e+00,3.746500000000000941e-01
6.900000000000000000e+02,1.000000000000000000e+00,3.738250000000000739e-01
6.910000000000000000e+02,1.000000000000000000e+00,3.730249999999999955e-01
6.920000000000000000e+02,1.000000000000000000e+00,3.706250000000000933e-01
6.930000000000000000e+02,1.000000000000000000e+00,3.738250000000000739e-01
6.940000000000000000e+02,1.000000000000000000e+00,3.746500000000000941e-01
6.950000000000000000e+02,1.000000000000000000e+00,3.730249999999999955e-01
6.960000000000000000e+02,1.000000000000000000e+00,3.746500000000000941e-01
6.970000000000000000e+02,1.000000000000000000e+00,3.722250000000000836e-01
6.980000000000000000e+02,1.000000000000000000e+00,3.738250000000000739e-01
6.990000000000000000e+02,1.000000000000000000e+00,3.722250000000000836e-01
7.000000000000000000e+02,1.000000000000000000e+00,3.738250000000000739e-01
7.010000000000000000e+02,1.000000000000000000e+00,3.738250000000000739e-01
7.020000000000000000e+02,1.000000000000000000e+00,3.762500000000000844e-01
7.030000000000000000e+02,1.000000000000000000e+00,3.762500000000000844e-01
7.040000000000000000e+02,1.000000000000000000e+00,3.746500000000000941e-01
7.050000000000000000e+02,1.000000000000000000e+00,3.714250000000000052e-01
7.060000000000000000e+02,1.000000000000000000e+00,3.746500000000000941e-01
7.070000000000000000e+02,1.000000000000000000e+00,3.754500000000000060e-01
7.080000000000000000e+02,1.000000000000000000e+00,3.754500000000000060e-01
7.090000000000000000e+02,1.000000000000000000e+00,3.722250000000000836e-01
7.100000000000000000e+02,1.000000000000000000e+00,3.738250000000000739e-01
7.110000000000000000e+02,1.000000000000000000e+00,3.746500000000000941e-01
7.120000000000000000e+02,1.000000000000000000e+00,3.819000000000000727e-01
7.130000000000000000e+02,1.000000000000000000e+00,3.794750000000000623e-01
7.140000000000000000e+02,1.000000000000000000e+00,3.770499999999999963e-01
7.150000000000000000e+02,1.000000000000000000e+00,3.730249999999999955e-01
7.160000000000000000e+02,1.000000000000000000e+00,3.762500000000000844e-01
7.170000000000000000e+02,1.000000000000000000e+00,3.794750000000000623e-01
7.180000000000000000e+02,1.000000000000000000e+00,3.819000000000000727e-01
7.190000000000000000e+02,1.000000000000000000e+00,3.762500000000000844e-01
7.200000000000000000e+02,1.000000000000000000e+00,3.754500000000000060e-01
7.210000000000000000e+02,1.000000000000000000e+00,3.714250000000000052e-01
7.220000000000000000e+02,1.000000000000000000e+00,3.706250000000000933e-01
7.230000000000000000e+02,1.000000000000000000e+00,3.690000000000001057e-01
7.240000000000000000e+02,1.000000000000000000e+00,3.690000000000001057e-01
7.250000000000000000e+02,1.000000000000000000e+00,3.657750000000000168e-01
7.260000000000000000e+02,1.000000000000000000e+00,3.649750000000001049e-01
7.270000000000000000e+02,1.000000000000000000e+00,3.665750000000000952e-01
7.280000000000000000e+02,1.000000000000000000e+00,3.682000000000000273e-01
7.290000000000000000e+02,1.000000000000000000e+00,3.706250000000000933e-01
7.300000000000000000e+02,1.000000000000000000e+00,3.682000000000000273e-01
7.310000000000000000e+02,1.000000000000000000e+00,3.657750000000000168e-01
7.320000000000000000e+02,1.000000000000000000e+00,3.649750000000001049e-01
7.330000000000000000e+02,1.000000000000000000e+00,3.674000000000001154e-01
7.340000000000000000e+02,1.000000000000000000e+00,3.665750000000000952e-01
7.350000000000000000e+02,1.000000000000000000e+00,3.617499999999999605e-01
7.360000000000000000e+02,1.000000000000000000e+00,3.633499999999999508e-01
7.370000000000000000e+02,1.000000000000000000e+00,3.633499999999999508e-01
7.380000000000000000e+02,1.000000000000000000e+00,3.625500000000000389e-01
7.390000000000000000e+02,1.000000000000000000e+00,3.649750000000001049e-01
7.400000000000000000e+02,1.000000000000000000e+00,3.665750000000000952e-01
7.410000000000000000e+02,1.000000000000000000e+00,3.665750000000000952e-01
7.420000000000000000e+02,1.000000000000000000e+00,3.649750000000001049e-01
7.430000000000000000e+02,1.000000000000000000e+00,3.649750000000001049e-01
7.440000000000000000e+02,1.000000000000000000e+00,3.674000000000001154e-01
7.450000000000000000e+02,1.000000000000000000e+00,3.665750000000000952e-01
7.460000000000000000e+02,1.000000000000000000e+00,3.690000000000001057e-01
7.470000000000000000e+02,1.000000000000000000e+00,3.674000000000001154e-01
7.480000000000000000e+02,1.000000000000000000e+00,3.665750000000000952e-01
7.490000000000000000e+02,1.000000000000000000e+00,3.657750000000000168e-01
7.500000000000000000e+02,1.000000000000000000e+00,3.714250000000000052e-01
7.510000000000000000e+02,1.000000000000000000e+00,3.738250000000000739e-01
7.520000000000000000e+02,1.000000000000000000e+00,3.738250000000000739e-01
7.530000000000000000e+02,1.000000000000000000e+00,3.722250000000000836e-01
7.540000000000000000e+02,1.000000000000000000e+00,3.754500000000000060e-01
7.550000000000000000e+02,1.000000000000000000e+00,3.778750000000000719e-01
7.560000000000000000e+02,1.000000000000000000e+00,3.810750000000000526e-01
7.570000000000000000e+02,1.000000000000000000e+00,3.835000000000000631e-01
7.580000000000000000e+02,1.000000000000000000e+00,3.891500000000000514e-01
7.590000000000000000e+02,1.000000000000000000e+00,3.842999999999999750e-01
7.600000000000000000e+02,1.000000000000000000e+00,3.842999999999999750e-01
7.610000000000000000e+02,1.000000000000000000e+00,3.819000000000000727e-01
7.620000000000000000e+02,1.000000000000000000e+00,3.819000000000000727e-01
7.630000000000000000e+02,1.000000000000000000e+00,3.851250000000000506e-01
7.640000000000000000e+02,1.000000000000000000e+00,3.859250000000001291e-01
7.650000000000000000e+02,1.000000000000000000e+00,3.835000000000000631e-01
7.660000000000000000e+02,1.000000000000000000e+00,3.810750000000000526e-01
7.670000000000000000e+02,1.000000000000000000e+00,3.810750000000000526e-01
7.680000000000000000e+02,1.000000000000000000e+00,3.826999999999999846e-01
7.690000000000000000e+02,1.000000000000000000e+00,3.835000000000000631e-01
7.700000000000000000e+02,1.000000000000000000e+00,3.802749999999999742e-01
7.710000000000000000e+02,1.000000000000000000e+00,3.778750000000000719e-01
7.720000000000000000e+02,1.000000000000000000e+00,3.762500000000000844e-01
7.730000000000000000e+02,1.000000000000000000e+00,3.738250000000000739e-01
7.740000000000000000e+02,1.000000000000000000e+00,3.786750000000001504e-01
7.750000000000000000e+02,1.000000000000000000e+00,3.778750000000000719e-01
7.760000000000000000e+02,1.000000000000000000e+00,3.778750000000000719e-01
7.770000000000000000e+02,1.000000000000000000e+00,3.730249999999999955e-01
7.780000000000000000e+02,1.000000000000000000e+00,3.722250000000000836e-01
7.790000000000000000e+02,1.000000000000000000e+00,3.722250000000000836e-01
7.800000000000000000e+02,1.000000000000000000e+00,3.730249999999999955e-01
7.810000000000000000e+02,1.000000000000000000e+00,3.714250000000000052e-01
7.820000000000000000e+02,1.000000000000000000e+00,3.762500000000000844e-01
7.830000000000000000e+02,1.000000000000000000e+00,3.722250000000000836e-01
7.840000000000000000e+02,1.000000000000000000e+00,3.738250000000000739e-01
7.850000000000000000e+02,1.000000000000000000e+00,3.746500000000000941e-01
7.860000000000000000e+02,1.000000000000000000e+00,3.770499999999999963e-01
7.870000000000000000e+02,1.000000000000000000e+00,3.754500000000000060e-01
7.880000000000000000e+02,1.000000000000000000e+00,3.762500000000000844e-01
7.890000000000000000e+02,1.000000000000000000e+00,3.722250000000000836e-01
7.900000000000000000e+02,1.000000000000000000e+00,3.738250000000000739e-01
7.910000000000000000e+02,1.000000000000000000e+00,3.738250000000000739e-01
7.920000000000000000e+02,1.000000000000000000e+00,3.778750000000000719e-01
7.930000000000000000e+02,1.000000000000000000e+00,3.762500000000000844e-01
7.940000000000000000e+02,1.000000000000000000e+00,3.770499999999999963e-01
7.950000000000000000e+02,1.000000000000000000e+00,3.722250000000000836e-01
7.960000000000000000e+02,1.000000000000000000e+00,3.746500000000000941e-01
7.970000000000000000e+02,1.000000000000000000e+00,3.754500000000000060e-01
7.980000000000000000e+02,1.000000000000000000e+00,3.754500000000000060e-01
7.990000000000000000e+02,1.000000000000000000e+00,3.722250000000000836e-01
8.000000000000000000e+02,1.000000000000000000e+00,3.714250000000000052e-01
8.010000000000000000e+02,1.000000000000000000e+00,3.706250000000000933e-01
8.020000000000000000e+02,1.000000000000000000e+00,3.754500000000000060e-01
8.030000000000000000e+02,1.000000000000000000e+00,3.778750000000000719e-01
8.040000000000000000e+02,1.000000000000000000e+00,3.778750000000000719e-01
8.050000000000000000e+02,1.000000000000000000e+00,3.746500000000000941e-01
8.060000000000000000e+02,1.000000000000000000e+00,3.730249999999999955e-01
8.070000000000000000e+02,1.000000000000000000e+00,3.738250000000000739e-01
8.080000000000000000e+02,1.000000000000000000e+00,3.762500000000000844e-01
8.090000000000000000e+02,1.000000000000000000e+00,3.714250000000000052e-01
